8714.88, -0.161198, -0.285015, 0.73643, 0.804401, 0.587072, -0.00708533, -0.0907456, 0.00760045, 0.603419, 0.677077, -0.0324337, 0.977013, 0.172915, 0.120392
# 8714.88,0.310592,0.945769,0.0951496,-0.161198,0.943197,-0.294223,-0.154311,-0.285015,-0.117947,0.137673,-0.98343,0.73643,0,0,0,1,0.000459709,-0.00240926,-0.000452023,9.42607e-08,-3.31476e-07,-3.12818e-07,1.08629e-11,3.78356e-12,-1.2207e-12,-0.968908,-0.0217413,-0.246465,0.00760045,-0.105011,0.938097,0.33007,0.603419,0.224032,0.345689,-0.911213,0.677077,0,0,0,1,-0.00564839,0.00665137,0.00325524,-1.93865e-08,-8.76792e-08,-1.77209e-07,3.76614e-12,2.58924e-12,6.72637e-13
9896.87, -0.160683, -0.287823, 0.735905, 0.804174, 0.587448, -0.00755541, -0.0902884, 0.00100884, 0.611224, 0.680869, -0.0385157, 0.97665, 0.173665, 0.120463
# 9896.87,0.309695,0.946185,0.0939278,-0.160683,0.943457,-0.293506,-0.154092,-0.287823,-0.118231,0.136338,-0.983582,0.735905,0,0,0,1,0.000456801,-0.0024071,-0.000449972,3.05733e-07,-1.06031e-07,-2.19908e-07,-4.73487e-12,2.6868e-11,9.26246e-12,-0.968011,-0.0333926,-0.248677,0.00100884,-0.117073,0.936714,0.32994,0.611224,0.221922,0.348499,-0.910659,0.680869,0,0,0,1,-0.00565328,0.0066513,0.00323975,-1.29046e-07,1.4407e-07,-1.06216e-06,5.88457e-11,4.19006e-11,-1.27918e-12
11051.9, -0.160201, -0.290507, 0.735383, 0.803997, 0.587756, -0.00798622, -0.0898244, -0.00543374, 0.618936, 0.684549, -0.0446801, 0.976239, 0.174427, 0.120565
# 11051.9,0.308959,0.946542,0.0927477,-0.160201,0.943673,-0.29295,-0.153825,-0.290507,-0.118431,0.135049,-0.983736,0.735383,0,0,0,1,0.000450731,-0.00239543,-0.000448833,6.83667e-07,5.66779e-07,1.33824e-07,-8.75471e-11,1.00341e-10,2.81901e-11,-0.966936,-0.0451774,-0.250987,-0.00543374,-0.129296,0.935158,0.329792,0.618936,0.219813,0.351339,-0.910079,0.684549,0,0,0,1,-0.00563794,0.00663905,0.00321218,-1.41211e-07,9.51755e-07,-3.13455e-06,2.89925e-10,2.1539e-10,-2.06224e-11
12233.9, -0.1596, -0.293097, 0.734912, 0.803819, 0.588064, -0.00850278, -0.0893508, -0.0117022, 0.626473, 0.68812, -0.0508052, 0.975796, 0.175188, 0.120623
# 12233.9,0.308217,0.946913,0.0914186,-0.1596,0.943874,-0.292395,-0.153644,-0.293097,-0.118757,0.133643,-0.983888,0.734912,0,0,0,1,0.000459236,-0.00236579,-0.000439948,-1.08978e-06,1.58384e-06,1.61546e-06,-3.50218e-10,9.5679e-11,1.24256e-10,-0.965738,-0.0568875,-0.253208,-0.0117022,-0.141414,0.933456,0.329639,0.626473,0.217606,0.354152,-0.909519,0.68812,0,0,0,1,-0.00559946,0.00660434,0.00317312,-2.23498e-07,1.71581e-06,-6.10813e-06,7.23179e-10,6.17196e-10,-2.0081e-11
13450.2, -0.172797, -0.297734, 0.74332, 0.795633, 0.600252, -0.0013236, -0.0816309, -0.0286589, 0.631064, 0.702754, -0.0571924, 0.975295, 0.175973, 0.120674
# 13450.2,0.279392,0.955377,0.095892,-0.172797,0.954945,-0.266068,-0.131486,-0.297734,-0.100104,0.128308,-0.986669,0.74332,0,0,0,1,-0.00134176,-0.00259802,0.000722414,-3.01113e-05,-0.000635099,0.000759831,7.78613e-09,1.31135e-08,1.15143e-08,-0.964334,-0.0690883,-0.255514,-0.0286589,-0.15403,0.931525,0.329447,0.631064,0.215257,0.357054,-0.908943,0.702754,0,0,0,1,-0.0069489,0.00615424,0.00457233,-8.26318e-07,2.53413e-06,-1.0235e-05,-1.38317e-08,-3.21382e-10,9.82e-09
14706.4, -0.174264, -0.300096, 0.743953, 0.79506, 0.601114, -0.00152974, -0.0808658, -0.035325, 0.637164, 0.70728, -0.0635849, 0.974736, 0.176777, 0.120816
# 14706.4,0.27732,0.956091,0.0947867,-0.174264,0.955596,-0.264246,-0.130426,-0.300096,-0.0996516,0.126747,-0.986917,0.743953,0,0,0,1,-0.00131016,-0.00247865,0.000683024,-2.9032e-05,-0.000633716,0.000766861,6.64984e-09,1.32077e-08,1.1335e-08,-0.962721,-0.081242,-0.258008,-0.035325,-0.166672,0.929414,0.329258,0.637164,0.213046,0.359986,-0.908307,0.70728,0,0,0,1,-0.00671136,0.00596063,0.00441191,-4.53518e-08,1.82345e-06,-1.39712e-05,-1.15392e-08,1.89231e-09,9.76298e-09
15958.3, -0.175315, -0.302081, 0.744581, 0.794459, 0.602012, -0.00177636, -0.080088, -0.0403641, 0.642002, 0.710722, -0.0699634, 0.974137, 0.177606, 0.120906
# 15958.3,0.275158,0.956831,0.0936053,-0.175315,0.956262,-0.262336,-0.129392,-0.302081,-0.0992503,0.125114,-0.987166,0.744581,0,0,0,1,-0.00123079,-0.0023353,0.000650836,-3.01204e-05,-0.0006334,0.000777566,5.15629e-09,1.29402e-08,1.12017e-08,-0.960974,-0.0933606,-0.26041,-0.0403641,-0.179255,0.927122,0.329107,0.642002,0.210706,0.362943,-0.907676,0.710722,0,0,0,1,-0.00630063,0.00563442,0.00413886,1.83097e-06,1.3054e-06,-1.92457e-05,-7.62083e-09,5.71214e-09,9.53886e-09
17289.2, -0.17689, -0.304305, 0.74496, 0.793817, 0.602974, -0.0019269, -0.0792082, -0.0430913, 0.644931, 0.712698, -0.076692, 0.973451, 0.178493, 0.121044
# 17289.2,0.272837,0.957607,0.0924618,-0.17689,0.956996,-0.260297,-0.128077,-0.304305,-0.0985802,0.12343,-0.987445,0.74496,0,0,0,1,-0.00121681,-0.00223136,0.000590938,-3.05356e-05,-0.000636608,0.000782697,4.14079e-09,1.31645e-08,1.08206e-08,-0.958934,-0.106101,-0.263039,-0.0430913,-0.192523,0.924517,0.328943,0.644931,0.208283,0.366075,-0.906977,0.712698,0,0,0,1,-0.00565766,0.00511306,0.00372293,4.79471e-06,8.70572e-07,-2.57838e-05,-1.5512e-09,1.18518e-08,9.20707e-09
18723.6, -0.209201, -0.315457, 0.765737, 0.786415, 0.613442, 0.00436428, -0.0722576, -0.0664929, 0.641558, 0.738426, -0.0838983, 0.972696, 0.179301, 0.121143
# 18723.6,0.24734,0.964209,0.0955159,-0.209201,0.965471,-0.236936,-0.108294,-0.315457,-0.0817873,0.119003,-0.98952,0.765737,0,0,0,1,-0.00465426,-0.00304582,0.00281335,-5.96397e-05,-0.00142737,0.00169137,2.35275e-08,3.89555e-08,3.39377e-08,-0.956571,-0.119773,-0.265757,-0.0664929,-0.206657,0.921624,0.328483,0.641558,0.205584,0.369138,-0.906351,0.738426,0,0,0,1,-0.00745451,0.00389152,0.00602561,-2.46816e-06,7.67963e-06,-4.65048e-05,-2.38309e-08,1.40643e-08,2.89383e-08
20033.6, -0.213706, -0.31717, 0.767313, 0.78478, 0.615692, 0.00483485, -0.0708497, -0.064966, 0.638731, 0.737852, -0.090778, 0.971861, 0.180306, 0.121391
# 20033.6,0.2418,0.965681,0.0948318,-0.213706,0.967051,-0.231808,-0.105249,-0.31717,-0.0796546,0.117157,-0.989914,0.767313,0,0,0,1,-0.00445769,-0.00279065,0.00257453,-5.516e-05,-0.00146242,0.00176043,2.03417e-08,3.81958e-08,3.20166e-08,-0.954047,-0.132672,-0.268686,-0.064966,-0.220222,0.918498,0.328426,0.638731,0.203215,0.372504,-0.905508,0.737852,0,0,0,1,-0.00628555,0.00307638,0.00513533,8.3605e-06,-5.8942e-07,-4.59601e-05,-1.23576e-08,2.48371e-08,2.66228e-08
21285.2, -0.241101, -0.327035, 0.787226, 0.778766, 0.623825, 0.00988192, -0.0653257, -0.0765665, 0.630423, 0.75647, -0.0968599, 0.971148, 0.180994, 0.121373
# 21285.2,0.221489,0.970337,0.096895,-0.241101,0.972919,-0.213149,-0.0894177,-0.327035,-0.0661122,0.114076,-0.99127,0.787226,0,0,0,1,-0.00677093,-0.00334784,0.00433755,-7.15273e-05,-0.00208387,0.00245279,3.32769e-08,5.58784e-08,5.07837e-08,-0.951774,-0.144195,-0.270804,-0.0765665,-0.232066,0.915718,0.328033,0.630423,0.200679,0.375057,-0.90502,0.75647,0,0,0,1,-0.00683862,0.00178866,0.0065128,9.87594e-07,6.45725e-06,-6.92228e-05,-2.19393e-08,3.11844e-08,4.16637e-08
22654.5, -0.24306, -0.321614, 0.786665, 0.775588, 0.628001, 0.0111693, -0.0628825, -0.0702426, 0.623403, 0.753295, -0.104085, 0.97015, 0.1822, 0.121564
# 22654.5,0.210981,0.972735,0.096306,-0.24306,0.975544,-0.203322,-0.0835131,-0.321614,-0.061655,0.11157,-0.991842,0.786665,0,0,0,1,-0.00601678,-0.00236238,0.00368523,-7.74362e-05,-0.00218188,0.002649,2.10542e-08,5.25839e-08,4.54133e-08,-0.948777,-0.157659,-0.273798,-0.0702426,-0.246254,0.911939,0.328218,0.623403,0.197941,0.37883,-0.904051,0.753295,0,0,0,1,-0.00534973,0.000897057,0.00534487,2.14166e-05,-9.51347e-06,-6.26978e-05,-7.09251e-09,4.41066e-08,3.78461e-08
24061.9, -0.239023, -0.311624, 0.782872, 0.771973, 0.632695, 0.012501, -0.0599866, -0.0596926, 0.614246, 0.746342, -0.11139, 0.969063, 0.183467, 0.121855
# 24061.9,0.199081,0.975347,0.0952074,-0.239023,0.978347,-0.192197,-0.0767974,-0.311624,-0.0566055,0.108435,-0.992491,0.782872,0,0,0,1,-0.00481271,-0.00111679,0.00283235,-0.000102252,-0.00227805,0.00287695,4.86623e-09,4.59593e-08,3.78172e-08,-0.945488,-0.171175,-0.277043,-0.0596926,-0.2606,0.907864,0.328435,0.614246,0.195297,0.382729,-0.902983,0.746342,0,0,0,1,-0.00369439,-3.65169e-05,0.00400495,4.42918e-05,-2.5239e-05,-5.76268e-05,9.52099e-09,5.83467e-08,3.29807e-08
25397.3, -0.252534, -0.325431, 0.797041, 0.76557, 0.640864, 0.0177967, -0.0536519, -0.0507856, 0.618868, 0.756256, -0.118274, 0.968129, 0.184082, 0.121863
# 25397.3,0.177953,0.979343,0.0960165,-0.252534,0.983163,-0.17283,-0.059338,-0.325431,-0.0415178,0.104959,-0.99361,0.797041,0,0,0,1,-0.00552636,-0.00214236,0.00391211,-0.00014446,-0.00285039,0.00345722,1.68145e-08,4.86419e-08,4.78558e-08,-0.942322,-0.184144,-0.279502,-0.0507856,-0.273875,0.90425,0.327604,0.618868,0.192414,0.385257,-0.902527,0.756256,0,0,0,1,-0.00261378,0.000291199,0.00463137,2.45495e-05,-1.73387e-05,-6.03101e-05,1.89028e-08,5.39044e-08,4.01329e-08
26769.3, -0.258342, -0.337427, 0.804335, 0.759231, 0.648693, 0.0231014, -0.047255, -0.0340665, 0.625527, 0.7583, -0.125401, 0.967037, 0.184972, 0.122065
# 26769.3,0.157329,0.982831,0.0963865,-0.258342,0.987198,-0.15393,-0.0417834,-0.337427,-0.0262293,0.101726,-0.994467,0.804335,0,0,0,1,-0.00538547,-0.00289615,0.00422533,-0.000185841,-0.00335859,0.00394462,2.30006e-08,4.52158e-08,5.01601e-08,-0.93875,-0.197378,-0.282473,-0.0340665,-0.287692,0.90012,0.327135,0.625527,0.189691,0.388363,-0.901771,0.7583,0,0,0,1,-0.000941399,0.00079774,0.00445963,2.37151e-05,-2.09982e-05,-5.39211e-05,3.57853e-08,5.1312e-08,4.10204e-08
28060.5, -0.249129, -0.325065, 0.800628, 0.753513, 0.65555, 0.0259715, -0.0424038, -0.0184022, 0.614601, 0.746881, -0.131484, 0.965947, 0.186096, 0.122581
# 28060.5,0.13916,0.985728,0.0947355,-0.249129,0.990133,-0.136913,-0.0298524,-0.325065,-0.0164559,0.097955,-0.995055,0.800628,0,0,0,1,-0.00398263,-0.00145869,0.00341561,-0.000237058,-0.00359074,0.00434272,4.35059e-09,3.68977e-08,4.26927e-08,-0.935372,-0.208389,-0.28575,-0.0184022,-0.299636,0.896161,0.327283,0.614601,0.187876,0.391752,-0.900685,0.746881,0,0,0,1,0.000455275,-0.000233085,0.003026,4.5172e-05,-4.1838e-05,-9.58596e-05,4.97073e-08,6.71054e-08,3.49197e-08
29497.5, -0.23794, -0.310288, 0.793343, 0.747505, 0.662588, 0.0289495, -0.0370903, 0.000643432, 0.600444, 0.732796, -0.13821, 0.964709, 0.18731, 0.123086
# 29497.5,0.120278,0.988428,0.092431,-0.23794,0.992723,-0.119203,-0.0170872,-0.310288,-0.00587147,0.0938136,-0.995573,0.793343,0,0,0,1,-0.00252324,2.38556e-05,0.00236285,-0.0002991,-0.00381453,0.00470092,-1.49081e-08,2.80029e-08,3.25465e-08,-0.931496,-0.220554,-0.28926,0.000643432,-0.312775,0.891626,0.327376,0.600444,0.185707,0.395423,-0.89953,0.732796,0,0,0,1,0.00194945,-0.0013844,0.00150112,6.48626e-05,-6.20952e-05,-0.000138918,6.43667e-08,8.46416e-08,2.85843e-08
30907.5, -0.225985, -0.298005, 0.784714, 0.741837, 0.669071, 0.0317071, -0.0318827, 0.0235174, 0.582436, 0.714472, -0.146884, 0.963025, 0.188825, 0.123911
# 30907.5,0.102677,0.990662,0.0897065,-0.225985,0.994705,-0.102655,-0.00487485,-0.298005,0.00437947,0.0897321,-0.995957,0.784714,0,0,0,1,-0.00119904,0.00109938,0.00134273,-0.000363983,-0.0040001,0.0049913,-2.96465e-08,1.89773e-08,2.21188e-08,-0.926143,-0.23611,-0.294129,0.0235174,-0.3297,0.88554,0.327286,0.582436,0.183187,0.400088,-0.897982,0.714472,0,0,0,1,0.00348406,-0.00259436,-0.000184328,8.83174e-05,-8.251e-05,-0.00018202,7.94256e-08,1.03598e-07,2.1063e-08
32313.9, -0.211414, -0.330284, 0.782488, 0.738572, 0.672653, 0.0360205, -0.0274387, 0.0713018, 0.619178, 0.695216, -0.156987, 0.960956, 0.191341, 0.123722
# 32313.9,0.0924814,0.991628,0.0901209,-0.211414,0.995581,-0.0935708,0.00792768,-0.330284,0.016294,0.0889895,-0.995899,0.782488,0,0,0,1,0.000635306,-0.00183573,0.000969588,-0.000347376,-0.00420343,0.00495963,-5.81993e-09,-5.12188e-09,1.32248e-08,-0.920096,-0.254368,-0.29786,0.0713018,-0.349061,0.877488,0.328894,0.619178,0.177708,0.406585,-0.896163,0.695216,0,0,0,1,0.00733014,0.000976812,-0.00169187,0.000165904,-0.000103757,6.63758e-05,1.26065e-07,8.27981e-08,5.493e-09
33681.3, -0.18171, -0.351275, 0.768286, 0.739665, 0.671494, 0.0368395, -0.0251988, 0.112545, 0.651127, 0.669457, -0.166568, 0.958776, 0.19359, 0.124603
# 33681.3,0.0954777,0.991504,0.0883395,-0.18171,0.995217,-0.0969222,0.0121977,-0.351275,0.0206561,0.0867524,-0.996016,0.768286,0,0,0,1,0.00372521,-0.00361931,-0.000552909,-0.000381538,-0.00409451,0.00452647,3.47306e-09,-3.71861e-08,-6.90846e-09,-0.913459,-0.271159,-0.303425,0.112545,-0.367647,0.869556,0.32971,0.651127,0.174442,0.41273,-0.893994,0.669457,0,0,0,1,0.0104807,0.00402819,-0.0038535,0.000225651,-0.000177998,0.000211718,1.67197e-07,6.9187e-08,-1.58381e-08
35177.8, -0.165873, -0.341635, 0.759348, 0.735775, 0.675792, 0.0392112, -0.0200453, 0.135892, 0.639608, 0.650535, -0.171987, 0.957662, 0.193871, 0.125372
# 35177.8,0.0835341,0.992891,0.0847942,-0.165873,0.996035,-0.0858057,0.0234997,-0.341635,0.0306085,0.0824949,-0.996122,0.759348,0,0,0,1,0.0045283,-0.00231351,-0.00118601,-0.000455503,-0.00422502,0.00462961,-1.12566e-08,-4.16548e-08,-1.30247e-08,-0.909405,-0.280799,-0.306815,0.135892,-0.378023,0.865669,0.328201,0.639608,0.173442,0.414451,-0.893392,0.650535,0,0,0,1,0.0110183,0.00257721,-0.00480485,0.000188177,-0.000192756,5.74108e-05,1.70308e-07,8.58027e-08,-1.86841e-08
36591.9, -0.151129, -0.329863, 0.74928, 0.732893, 0.678928, 0.0411993, -0.0150448, 0.153895, 0.626128, 0.633712, -0.176965, 0.956588, 0.194139, 0.126227
# 36591.9,0.0747176,0.993924,0.080818,-0.151129,0.996404,-0.0776599,0.0338903,-0.329863,0.0399607,0.0779951,-0.996153,0.74928,0,0,0,1,0.00516026,-0.00101334,-0.00183948,-0.000539379,-0.00432298,0.00466457,-2.56908e-08,-4.4718e-08,-1.93471e-08,-0.9055,-0.289554,-0.310207,0.153895,-0.387577,0.861987,0.326746,0.626128,0.172784,0.416098,-0.892754,0.633712,0,0,0,1,0.0111499,0.0011457,-0.00553397,0.000157535,-0.000210415,-8.24831e-05,1.69088e-07,1.0083e-07,-2.05862e-08
38005, -0.105343, -0.349728, 0.724242, 0.740456, 0.670803, 0.037895, -0.0176696, 0.193638, 0.667223, 0.599715, -0.187973, 0.953566, 0.198254, 0.126778
# 38005,0.0971759,0.992061,0.0798248,-0.105343,0.994739,-0.0994237,0.0246731,-0.349728,0.0324137,0.0770073,-0.996504,0.724242,0,0,0,1,0.00951327,-0.00300499,-0.00430146,-0.000516787,-0.00381269,0.00374595,-1.64945e-08,-8.76394e-08,-4.95517e-08,-0.897187,-0.308221,-0.316315,0.193638,-0.408758,0.850723,0.330435,0.667223,0.16725,0.425758,-0.889246,0.599715,0,0,0,1,0.0141215,0.00537933,-0.00830944,0.000306259,-0.000274955,0.000138563,2.13981e-07,8.1882e-08,-5.11676e-08
39374.9, -0.0889738, -0.335645, 0.717709, 0.739603, 0.671812, 0.0379313, -0.0147448, 0.210779, 0.656745, 0.58236, -0.192833, 0.952471, 0.198166, 0.127843
# 39374.9,0.094459,0.99263,0.0759197,-0.0889738,0.994867,-0.0969019,0.0291548,-0.335645,0.0362966,0.072776,-0.996688,0.717709,0,0,0,1,0.00975456,-0.00144741,-0.00436047,-0.000576794,-0.00375834,0.00365622,-3.28992e-08,-8.75173e-08,-4.974e-08,-0.892943,-0.316668,-0.319959,0.210779,-0.418004,0.847091,0.328191,0.656745,0.167107,0.4268,-0.888773,0.58236,0,0,0,1,0.0138848,0.00382291,-0.00869915,0.000255308,-0.000300969,3.61028e-06,2.07801e-07,9.56921e-08,-5.05735e-08
40577, -0.0494604, -0.349299, 0.692454, 0.753894, 0.655977, 0.0275991, -0.0240147, 0.245882, 0.687606, 0.543491, -0.200639, 0.950088, 0.202007, 0.127552
# 40577,0.137865,0.987748,0.0731198,-0.0494604,0.9904,-0.138235,-2.26202e-07,-0.349299,0.0101075,0.0724179,-0.997323,0.692454,0,0,0,1,0.0121735,-0.0025502,-0.00612183,-0.000543449,-0.00278172,0.00235541,-3.38673e-08,-1.10055e-07,-7.01556e-08,-0.886949,-0.329717,-0.323433,0.245882,-0.432783,0.837874,0.332665,0.687606,0.161311,0.435034,-0.885847,0.543491,0,0,0,1,0.015445,0.00611969,-0.0109566,0.00039274,-0.000301014,0.000106903,2.33033e-07,8.83099e-08,-7.49502e-08
41856.9, -0.0239372, -0.352624, 0.683909, 0.761053, 0.647585, 0.0251218, -0.0283227, 0.268103, 0.701985, 0.523542, -0.206888, 0.94834, 0.204163, 0.127146
# 41856.9,0.160006,0.984269,0.0749208,-0.0239372,0.987115,-0.159664,-0.0105732,-0.352624,0.00155532,0.0756472,-0.997134,0.683909,0,0,0,1,0.0137367,-0.00275543,-0.00651166,-0.000426669,-0.00239585,0.00164819,-3.75677e-08,-1.2472e-07,-7.63082e-08,-0.882062,-0.340484,-0.325634,0.268103,-0.444318,0.831029,0.334622,0.701985,0.156678,0.439842,-0.884303,0.523542,0,0,0,1,0.0162236,0.00716344,-0.0117044,0.000446671,-0.000275885,0.000104333,2.45009e-07,8.47448e-08,-8.33413e-08
43117.8, -0.0149047, -0.341928, 0.681062, 0.763975, 0.644209, 0.022646, -0.0287164, 0.278375, 0.693867, 0.512072, -0.211831, 0.947065, 0.204332, 0.128237
# 43117.8,0.168965,0.983018,0.0716008,-0.0149047,0.985619,-0.168342,-0.0146997,-0.341928,-0.00239668,0.0730548,-0.997325,0.681062,0,0,0,1,0.0132788,-0.00146765,-0.00620352,-0.000457264,-0.00219085,0.00134591,-5.17321e-08,-1.18874e-07,-7.26178e-08,-0.877366,-0.34883,-0.329465,0.278375,-0.453642,0.826752,0.332702,0.693867,0.156329,0.441361,-0.883608,0.512072,0,0,0,1,0.0154265,0.00560304,-0.0114367,0.00040912,-0.000311392,1.60424e-05,2.31874e-07,9.465e-08,-7.8218e-08
44510.4, -0.00521078, -0.327993, 0.677127, 0.767035, 0.640635, 0.0200123, -0.0290305, 0.285232, 0.681964, 0.503033, -0.217543, 0.94554, 0.204674, 0.129373
# 44510.4,0.178372,0.981618,0.0678961,-0.00521078,0.983942,-0.177487,-0.0188937,-0.327993,-0.00649571,0.0701759,-0.997514,0.677127,0,0,0,1,0.0126498,4.05407e-05,-0.00589168,-0.00048633,-0.00198285,0.00103722,-6.79067e-08,-1.11005e-07,-6.87803e-08,-0.871876,-0.358433,-0.333705,0.285232,-0.46435,0.821568,0.330766,0.681964,0.155604,0.443343,-0.882743,0.503033,0,0,0,1,0.0142663,0.00377341,-0.0108999,0.000376217,-0.000349131,-5.52438e-05,2.13777e-07,1.04883e-07,-7.08463e-08
45840.1, 0.00113986, -0.310488, 0.674195, 0.769917, 0.637237, 0.0171589, -0.0293757, 0.289389, 0.665068, 0.495893, -0.223281, 0.943943, 0.205155, 0.130496
# 45840.1,0.18727,0.98023,0.0638604,0.00113986,0.982247,-0.186134,-0.0233651,-0.310488,-0.0110166,0.0671022,-0.997685,0.674195,0,0,0,1,0.011837,0.00166991,-0.00555512,-0.000519849,-0.00178195,0.000762774,-8.47819e-08,-1.01119e-07,-6.44249e-08,-0.866233,-0.367985,-0.337976,0.289389,-0.475073,0.816114,0.329034,0.665068,0.154748,0.445584,-0.881765,0.495893,0,0,0,1,0.0130314,0.0017551,-0.0103048,0.000352879,-0.000383259,-0.000112563,1.94049e-07,1.16216e-07,-6.25902e-08
47392.2, 0.0087275, -0.282248, 0.670577, 0.774691, 0.631604, 0.0118067, -0.0281151, 0.289253, 0.642207, 0.490821, -0.229894, 0.942076, 0.206015, 0.13115
# 47392.2,0.201874,0.977932,0.0538082,0.0087275,0.97926,-0.200572,-0.0286468,-0.282248,-0.0172222,0.0584753,-0.99814,0.670577,0,0,0,1,0.0107904,0.00339689,-0.00519368,-0.000644048,-0.00154964,0.000381832,-8.66152e-08,-8.62921e-08,-5.79568e-08,-0.859897,-0.379118,-0.341829,0.289253,-0.487193,0.809413,0.327861,0.642207,0.152383,0.448464,-0.880716,0.490821,0,0,0,1,0.0119341,-0.000311106,-0.00978352,0.000341191,-0.000390235,-0.000168543,1.75492e-07,1.29205e-07,-5.44197e-08
48710.5, 0.0173949, -0.308147, 0.664872, 0.781591, 0.622851, 0.00717884, -0.0334799, 0.289023, 0.68619, 0.480713, -0.232838, 0.940968, 0.208412, 0.130116
# 48710.5,0.22401,0.973149,0.0529278,0.0173949,0.97411,-0.221871,-0.0433924,-0.308147,-0.0304841,0.0612778,-0.997655,0.664872,0,0,0,1,0.0109354,0.000686911,-0.00556795,-0.000558813,-0.00113901,-0.000169782,-6.24828e-08,-9.05944e-08,-6.19507e-08,-0.857713,-0.383951,-0.341922,0.289023,-0.492422,0.804702,0.331626,0.68619,0.147817,0.452809,-0.879269,0.480713,0,0,0,1,0.0112478,0.00379862,-0.0101095,0.000411093,-0.000306554,-0.000310394,1.86258e-07,9.36408e-08,-7.30249e-08
49963.6, 0.0201822, -0.293639, 0.664291, 0.786226, 0.616899, 0.00362878, -0.0356391, 0.279789, 0.676982, 0.485414, -0.239413, 0.938764, 0.210225, 0.131182
# 49963.6,0.238844,0.969786,0.0496775,0.0201822,0.970304,-0.23633,-0.0515636,-0.293639,-0.0382654,0.060518,-0.997434,0.664291,0,0,0,1,0.0101998,0.00185677,-0.00516286,-0.00055223,-0.000894963,-0.00052837,-7.42423e-08,-8.11185e-08,-5.66909e-08,-0.850945,-0.39435,-0.34696,0.279789,-0.504661,0.796974,0.331889,0.676982,0.145638,0.457517,-0.877194,0.485414,0,0,0,1,0.00955125,0.00258777,-0.00888646,0.000443249,-0.000352235,-0.000295167,1.64144e-07,9.41311e-08,-6.28964e-08
51174.5, 0.0255074, -0.304687, 0.655963, 0.79318, 0.607583, -0.00151639, -0.0413046, 0.27932, 0.694739, 0.47657, -0.241588, 0.938313, 0.21046, 0.130038
# 51174.5,0.261681,0.963971,0.0477864,0.0255074,0.96372,-0.258273,-0.0673666,-0.304687,-0.0525975,0.0636813,-0.996583,0.655963,0,0,0,1,0.010167,0.000618041,-0.00575095,-0.000480875,-0.000500749,-0.00104651,-6.41829e-08,-8.14245e-08,-6.23529e-08,-0.849451,-0.398635,-0.345723,0.27932,-0.508106,0.794684,0.332123,0.694739,0.142344,0.457786,-0.877593,0.47657,0,0,0,1,0.00896536,0.00423615,-0.00919087,0.000419957,-0.000270473,-0.000451854,1.66524e-07,7.9597e-08,-7.32237e-08
52536.1, 0.0234596, -0.296593, 0.652747, 0.798728, 0.600131, -0.00554372, -0.0429524, 0.277143, 0.681875, 0.476542, -0.249326, 0.935646, 0.212748, 0.130923
# 52536.1,0.279623,0.95916,0.0426983,0.0234596,0.958208,-0.275995,-0.0752684,-0.296593,-0.06041,0.0619606,-0.996249,0.652747,0,0,0,1,0.00908585,0.00129183,-0.00547558,-0.000502835,-0.000282107,-0.00143387,-7.03487e-08,-6.93744e-08,-5.82227e-08,-0.841391,-0.410855,-0.351083,0.277143,-0.52227,0.785149,0.332829,0.681875,0.138908,0.463399,-0.875195,0.476542,0,0,0,1,0.00794221,0.00271998,-0.00830773,0.000463769,-0.000314053,-0.000400052,1.49611e-07,8.58044e-08,-6.33459e-08
53727.8, 0.0171428, -0.288604, 0.652464, 0.804296, 0.592546, -0.0110153, -0.0433015, 0.273431, 0.663326, 0.477985, -0.261551, 0.931217, 0.217179, 0.131377
# 53727.8,0.297535,0.95412,0.0335971,0.0171428,0.952212,-0.294028,-0.0827087,-0.288604,-0.0690355,0.0566003,-0.996007,0.652464,0,0,0,1,0.00803875,0.00228699,-0.00515262,-0.000581862,-7.20118e-05,-0.0018099,-7.24167e-08,-6.03113e-08,-5.51035e-08,-0.828662,-0.430057,-0.358288,0.273431,-0.544187,0.768848,0.335758,0.663326,0.131074,0.473205,-0.871147,0.477985,0,0,0,1,0.00692739,0.000985073,-0.00747913,0.000577867,-0.000380172,-0.000124072,1.31234e-07,9.49065e-08,-5.30446e-08
54872.7, 0.010045, -0.279725, 0.653849, 0.808404, 0.586738, -0.0150896, -0.0446505, 0.270005, 0.643101, 0.478872, -0.268067, 0.92875, 0.219439, 0.131947
# 54872.7,0.311022,0.94999,0.0279994,0.010045,0.947295,-0.30749,-0.0898986,-0.279725,-0.0767932,0.0544841,-0.995557,0.653849,0,0,0,1,0.00682639,0.00290719,-0.0046659,-0.000615258,0.000112637,-0.00207523,-7.63371e-08,-4.70873e-08,-4.85835e-08,-0.82146,-0.440027,-0.36274,0.270005,-0.555844,0.759973,0.336866,0.643101,0.127442,0.478348,-0.868874,0.478872,0,0,0,1,0.00604541,-0.00079126,-0.00678066,0.000623289,-0.000405862,-8.42773e-05,1.14479e-07,1.03891e-07,-4.36444e-08
56114.6, 0.00345458, -0.267163, 0.654646, 0.811771, 0.581904, -0.0192442, -0.0452223, 0.267591, 0.621133, 0.478788, -0.274838, 0.92615, 0.221879, 0.132212
# 56114.6,0.322034,0.946487,0.0213864,0.00345458,0.943006,-0.318685,-0.0958168,-0.267163,-0.0838738,0.0510237,-0.995169,0.654646,0,0,0,1,0.00567495,0.003723,-0.00423122,-0.000668324,0.000268325,-0.00227304,-8.19646e-08,-3.41133e-08,-4.25944e-08,-0.813968,-0.450413,-0.366858,0.267591,-0.567753,0.750468,0.338312,0.621133,0.122935,0.48366,-0.86658,0.478788,0,0,0,1,0.00523174,-0.00255037,-0.00614272,0.000669178,-0.000419598,-5.53547e-05,9.83112e-08,1.12893e-07,-3.46897e-08
57526.3, -0.00410286, -0.253594, 0.655489, 0.814505, 0.577924, -0.0233881, -0.0451526, 0.26644, 0.59643, 0.477359, -0.282127, 0.923304, 0.224413, 0.132488
# 57526.3,0.330914,0.943556,0.01409,-0.00410286,0.939332,-0.32793,-0.100587,-0.253594,-0.090289,0.0465209,-0.994829,0.655489,0,0,0,1,0.00442946,0.00445183,-0.00375176,-0.000728907,0.000396451,-0.00241359,-8.62351e-08,-2.05028e-08,-3.62082e-08,-0.805702,-0.461515,-0.371279,0.26644,-0.580443,0.740086,0.339646,0.59643,0.118027,0.48916,-0.864172,0.477359,0,0,0,1,0.00452219,-0.0043,-0.00559443,0.000712254,-0.000430703,-3.60942e-05,8.30866e-08,1.22279e-07,-2.62758e-08
58855.3, -0.0124614, -0.239608, 0.656983, 0.816499, 0.574988, -0.0275134, -0.0442832, 0.26251, 0.573342, 0.477717, -0.288363, 0.920747, 0.226618, 0.1331
# 58855.3,0.337263,0.941392,0.00599531,-0.0124614,0.936518,-0.334855,-0.103954,-0.239608,-0.095854,0.0406746,-0.994564,0.656983,0,0,0,1,0.0032807,0.00514223,-0.00331462,-0.000811427,0.000495508,-0.00250008,-9.01417e-08,-7.9878e-09,-3.04215e-08,-0.798263,-0.470693,-0.375799,0.26251,-0.591344,0.730983,0.340554,0.573342,0.114407,0.494078,-0.861858,0.477717,0,0,0,1,0.00369518,-0.00573627,-0.00501106,0.000746776,-0.000447401,-4.62512e-05,6.82497e-08,1.28277e-07,-1.89588e-08
60194.8, -0.0259872, -0.232456, 0.660909, 0.812583, 0.580801, -0.0321283, -0.0366887, 0.262984, 0.550856, 0.476713, -0.298805, 0.916336, 0.230331, 0.134131
# 60194.8,0.323275,0.946257,-0.00959613,-0.0259872,0.941542,-0.322647,-0.0969456,-0.232456,-0.0948316,0.0223049,-0.995244,0.660909,0,0,0,1,0.00220865,0.00544928,-0.00279036,-0.00105192,0.000420958,-0.00219301,-8.66179e-08,-2.8872e-09,-2.82517e-08,-0.78545,-0.485822,-0.383466,0.262984,-0.6094,0.715327,0.341964,0.550856,0.10817,0.50228,-0.857913,0.476713,0,0,0,1,0.00358587,-0.00693427,-0.00482121,0.000823135,-0.000514122,0.000103877,6.03827e-08,1.36449e-07,-1.30572e-08
61576.2, -0.0372177, -0.221962, 0.663812, 0.813375, 0.579583, -0.0358936, -0.0348848, 0.262267, 0.527065, 0.475803, -0.304902, 0.913697, 0.232587, 0.134519
# 61576.2,0.325591,0.94534,-0.0179526,-0.0372177,0.940332,-0.325734,-0.0983555,-0.221962,-0.0988272,0.0151423,-0.99499,0.663812,0,0,0,1,0.00106649,0.00570521,-0.00232045,-0.00113379,0.000481527,-0.00220132,-8.54942e-08,8.435e-09,-2.2606e-08,-0.777879,-0.494601,-0.387652,0.262267,-0.619751,0.705876,0.342999,0.527065,0.103987,0.507059,-0.855616,0.475803,0,0,0,1,0.00310241,-0.00806582,-0.00439952,0.000854802,-0.000519292,7.9667e-05,5.00985e-08,1.4165e-07,-7.09717e-09
62912, -0.046182, -0.210248, 0.667757, 0.813656, 0.579041, -0.0398794, -0.032944, 0.261195, 0.506381, 0.475068, -0.310286, 0.911299, 0.234747, 0.134725
# 62912,0.326243,0.944908,-0.0267443,-0.046182,0.939652,-0.327253,-0.0997937,-0.210248,-0.103048,0.00742664,-0.994649,0.667757,0,0,0,1,0.000227886,0.00604325,-0.00185,-0.00122231,0.000539725,-0.00217862,-8.59949e-08,1.70171e-08,-1.71689e-08,-0.771144,-0.502274,-0.391227,0.261195,-0.628779,0.697234,0.344242,0.506381,0.0998729,0.511455,-0.853487,0.475068,0,0,0,1,0.00266394,-0.00886346,-0.00403995,0.00088456,-0.000516733,4.1116e-05,4.19673e-08,1.44566e-07,-2.64235e-09
64255.8, -0.0621913, -0.270371, 0.6607, 0.816175, 0.574284, -0.0513363, -0.0376872, 0.277066, 0.575915, 0.440375, -0.309741, 0.911784, 0.235317, 0.13167
# 64255.8,0.335125,0.941302,-0.0405125,-0.0621913,0.933563,-0.337555,-0.120482,-0.270371,-0.127085,0.00255548,-0.991889,0.6607,0,0,0,1,-0.000779528,0.000802563,-0.00262728,-0.00129143,0.000966617,-0.00231124,-3.33775e-08,1.24832e-08,-2.73633e-08,-0.773448,-0.502865,-0.385883,0.277066,-0.626801,0.697373,0.34755,0.575915,0.0943339,0.510684,-0.854578,0.440375,0,0,0,1,0.00362505,-0.00246737,-0.00654187,0.000872301,-0.000360239,-0.00018937,8.73837e-08,1.10758e-07,-4.27997e-08
65663.9, -0.0654422, -0.262104, 0.660348, 0.818515, 0.570439, -0.0570395, -0.0371277, 0.278462, 0.562439, 0.438434, -0.315337, 0.909203, 0.237552, 0.132219
# 65663.9,0.342692,0.938062,-0.0510173,-0.0654422,0.929591,-0.346442,-0.125854,-0.262104,-0.135734,-0.00429601,-0.990736,0.660348,0,0,0,1,-0.000924059,0.00134058,-0.00245801,-0.0013716,0.00109903,-0.0024187,-3.7732e-08,1.52021e-08,-2.53469e-08,-0.766162,-0.510593,-0.390245,0.278462,-0.636228,0.688264,0.348579,0.562439,0.0906095,0.515352,-0.852175,0.438434,0,0,0,1,0.00336143,-0.00322437,-0.00605641,0.000902949,-0.000367336,-0.000224573,8.05841e-08,1.13279e-07,-3.69115e-08
67005.8, -0.0685839, -0.253081, 0.661268, 0.820379, 0.567183, -0.0629246, -0.0363618, 0.279973, 0.548224, 0.437072, -0.320391, 0.906771, 0.239893, 0.13254
# 67005.8,0.348687,0.935187,-0.0619963,-0.0685839,0.926034,-0.353962,-0.131041,-0.253081,-0.144492,-0.0117186,-0.989437,0.661268,0,0,0,1,-0.00109539,0.00191392,-0.00220886,-0.00145984,0.00122182,-0.00249558,-4.22624e-08,1.83191e-08,-2.25079e-08,-0.759566,-0.517452,-0.394087,0.279973,-0.644633,0.679602,0.350127,0.548224,0.0866479,0.519986,-0.849769,0.437072,0,0,0,1,0.00312656,-0.0040276,-0.0055862,0.000937384,-0.000368905,-0.000262108,7.37021e-08,1.16162e-07,-3.0906e-08
68331.6, -0.0724016, -0.243832, 0.662617, 0.821922, 0.56434, -0.0686528, -0.0353845, 0.282112, 0.532922, 0.43601, -0.325231, 0.904413, 0.242143, 0.132771
# 68331.6,0.353614,0.932545,-0.0729166,-0.0724016,0.922828,-0.360536,-0.135654,-0.243832,-0.152792,-0.0193205,-0.98807,0.662617,0,0,0,1,-0.0013284,0.0024631,-0.00193929,-0.00154733,0.00132929,-0.00255014,-4.63428e-08,2.20207e-08,-1.9447e-08,-0.753193,-0.523987,-0.397665,0.282112,-0.652586,0.671183,0.351633,0.532922,0.0826552,0.524358,-0.847477,0.43601,0,0,0,1,0.00295428,-0.00486555,-0.00513518,0.000968168,-0.000367669,-0.000302622,6.71045e-08,1.19524e-07,-2.47552e-08
69598.9, -0.0764887, -0.235315, 0.665534, 0.822957, 0.562213, -0.0740677, -0.0342324, 0.283383, 0.517236, 0.435531, -0.32981, 0.902141, 0.244224, 0.133121
# 69598.9,0.356861,0.930426,-0.0834173,-0.0764887,0.920283,-0.36549,-0.139627,-0.235315,-0.160401,-0.02694,-0.986684,0.665534,0,0,0,1,-0.00158106,0.00291771,-0.00157492,-0.00163064,0.00142187,-0.00258045,-4.93645e-08,2.56431e-08,-1.551e-08,-0.747008,-0.530048,-0.401283,0.283383,-0.660093,0.66316,0.352839,0.517236,0.0790937,0.528458,-0.845267,0.435531,0,0,0,1,0.00273827,-0.00567379,-0.00469428,0.000994336,-0.000369622,-0.000344646,6.02837e-08,1.22403e-07,-1.89523e-08
70887.6, -0.0796654, -0.224639, 0.667981, 0.823574, 0.560665, -0.0794856, -0.0326138, 0.284559, 0.502164, 0.435673, -0.334132, 0.899922, 0.246438, 0.133283
# 70887.6,0.358675,0.928682,-0.0943536,-0.0796654,0.918313,-0.369183,-0.142849,-0.224639,-0.167495,-0.0354097,-0.985237,0.667981,0,0,0,1,-0.00174982,0.00348405,-0.00128072,-0.00172176,0.00149844,-0.00258511,-5.38035e-08,2.88808e-08,-1.22389e-08,-0.741184,-0.535693,-0.404574,0.284559,-0.667077,0.655249,0.354481,0.502164,0.0752038,0.532618,-0.843008,0.435673,0,0,0,1,0.00252748,-0.00635762,-0.00424949,0.00102353,-0.000366166,-0.000390686,5.41962e-08,1.24272e-07,-1.34976e-08
72335.9, -0.0842361, -0.214825, 0.671566, 0.823987, 0.559407, -0.0845773, -0.0309216, 0.286877, 0.487029, 0.434975, -0.339191, 0.897297, 0.248935, 0.133564
# 72335.9,0.359821,0.927118,-0.104786,-0.0842361,0.916657,-0.372216,-0.145584,-0.214825,-0.173977,-0.0436682,-0.983781,0.671566,0,0,0,1,-0.00198236,0.00388104,-0.000910534,-0.00179887,0.00156098,-0.00256867,-5.63888e-08,3.22096e-08,-8.29679e-09,-0.734221,-0.542212,-0.408566,0.286877,-0.675207,0.645962,0.35613,0.487029,0.0708205,0.537345,-0.840384,0.434975,0,0,0,1,0.00239401,-0.00687732,-0.00385055,0.00105635,-0.000360639,-0.00044095,4.97141e-08,1.25458e-07,-8.71438e-09
73755.1, -0.0855938, -0.203189, 0.677545, 0.823094, 0.559882, -0.0902809, -0.0299551, 0.289277, 0.47314, 0.434954, -0.344512, 0.894447, 0.252088, 0.133143
# 73755.1,0.356762,0.92708,-0.115077,-0.0855938,0.916263,-0.371269,-0.150405,-0.203189,-0.182162,-0.0517816,-0.981904,0.677545,0,0,0,1,-0.00182306,0.00452473,-0.000370889,-0.00188233,0.00163141,-0.00248997,-6.04473e-08,3.43713e-08,-1.54084e-09,-0.727168,-0.549169,-0.411874,0.289277,-0.683424,0.635525,0.35922,0.47314,0.0644835,0.542698,-0.837449,0.434954,0,0,0,1,0.00230829,-0.00729829,-0.00356182,0.0011058,-0.000341625,-0.000467178,4.62573e-08,1.26243e-07,-4.45571e-09
75113.4, -0.0874341, -0.191315, 0.682195, 0.822656, 0.559853, -0.0946676, -0.0289764, 0.291052, 0.461176, 0.434955, -0.348777, 0.892107, 0.254388, 0.13337
# 75113.4,0.355205,0.926619,-0.123313,-0.0874341,0.915647,-0.37145,-0.153675,-0.191315,-0.188203,-0.0583246,-0.980397,0.682195,0,0,0,1,-0.00184457,0.00497137,-2.63141e-05,-0.00192655,0.0016833,-0.0024372,-6.4202e-08,3.59311e-08,2.29338e-09,-0.721135,-0.554436,-0.41541,0.291052,-0.690147,0.627283,0.360849,0.461176,0.060512,0.546915,-0.834999,0.434955,0,0,0,1,0.00217679,-0.00751716,-0.0032276,0.00113375,-0.00033712,-0.000518534,4.36744e-08,1.25506e-07,-1.26298e-09
76605.8, -0.0892371, -0.179909, 0.687196, 0.822042, 0.56003, -0.0992165, -0.0277292, 0.29316, 0.448739, 0.434143, -0.353776, 0.889383, 0.256861, 0.133654
# 76605.8,0.353044,0.92624,-0.132062,-0.0892371,0.915235,-0.371194,-0.156718,-0.179909,-0.194179,-0.0655392,-0.978775,0.687196,0,0,0,1,-0.00184122,0.00528377,0.000306876,-0.00197187,0.00172589,-0.00237365,-6.68062e-08,3.68369e-08,5.87589e-09,-0.713958,-0.560624,-0.419482,0.29316,-0.697946,0.617729,0.362329,0.448739,0.0559963,0.551463,-0.832318,0.434143,0,0,0,1,0.00205851,-0.00764981,-0.00295102,0.00116017,-0.000335745,-0.000566786,4.1758e-08,1.24479e-07,1.16204e-09
78003.9, -0.0947318, -0.25431, 0.683458, 0.829695, 0.545713, -0.112797, -0.0328711, 0.317462, 0.536432, 0.406757, -0.357165, 0.887954, 0.256039, 0.135703
# 78003.9,0.378949,0.912966,-0.151297,-0.0947318,0.898135,-0.402234,-0.177655,-0.25431,-0.22305,-0.0685632,-0.972393,0.683458,0,0,0,1,-0.00152634,-0.00106911,-0.000467012,-0.00204034,0.00213478,-0.00279814,-7.5514e-09,1.30748e-08,-8.10495e-09,-0.708036,-0.5648,-0.423893,0.317462,-0.703782,0.613755,0.357766,0.536432,0.0581001,0.551639,-0.832057,0.406757,0,0,0,1,0.00373169,0.000222399,-0.00491308,0.00110132,-0.00037554,-0.000669377,1.06361e-07,8.91629e-08,-3.71793e-08
79398.9, -0.0947479, -0.248661, 0.685676, 0.830643, 0.543022, -0.118598, -0.0330823, 0.320305, 0.529181, 0.406462, -0.361476, 0.885289, 0.259324, 0.135458
# 79398.9,0.382123,0.909962,-0.161097,-0.0947479,0.894268,-0.408065,-0.183762,-0.248661,-0.232954,-0.0738439,-0.96968,0.685676,0,0,0,1,-0.00139397,-0.000525273,-0.000314866,-0.00207812,0.00223227,-0.00282603,-1.26804e-08,1.36418e-08,-6.19013e-09,-0.701973,-0.569767,-0.427318,0.320305,-0.710277,0.604172,0.361225,0.529181,0.0523594,0.557084,-0.828804,0.406462,0,0,0,1,0.00353699,-0.000366217,-0.00445983,0.00115349,-0.000356406,-0.000712675,1.00695e-07,8.98013e-08,-3.21066e-08
80783, -0.0962743, -0.243693, 0.687397, 0.832952, 0.538288, -0.124291, -0.03145, 0.321529, 0.519131, 0.406859, -0.365804, 0.882573, 0.262516, 0.135416
# 80783,0.389595,0.904554,-0.173198,-0.0962743,0.888918,-0.418514,-0.186201,-0.243693,-0.240915,-0.0814159,-0.967126,0.687397,0,0,0,1,-0.0013006,-3.14361e-05,-0.000115749,-0.00210227,0.0023446,-0.00288604,-1.09809e-08,1.52091e-08,-5.90596e-09,-0.6957,-0.5746,-0.431088,0.321529,-0.716795,0.594546,0.364307,0.519131,0.0469709,0.56245,-0.825496,0.406859,0,0,0,1,0.00327171,-0.00108286,-0.00399368,0.00120213,-0.000344205,-0.000751173,9.37248e-08,9.07936e-08,-2.67223e-08
82191, -0.0965256, -0.238019, 0.687641, 0.83367, 0.535957, -0.129698, -0.0303838, 0.323862, 0.509144, 0.407896, -0.370105, 0.879896, 0.265483, 0.135371
# 82191,0.391857,0.901504,-0.183682,-0.0965256,0.885741,-0.423654,-0.189685,-0.238019,-0.248819,-0.0883649,-0.964511,0.687641,0,0,0,1,-0.0012411,0.000459188,-0.000114632,-0.00215717,0.00239868,-0.00289762,-1.56109e-08,1.64293e-08,-5.4147e-09,-0.689395,-0.579429,-0.434738,0.323862,-0.723184,0.585083,0.366991,0.509144,0.0417127,0.567397,-0.822387,0.407896,0,0,0,1,0.00307343,-0.00180351,-0.00352768,0.00124319,-0.000330603,-0.000793246,8.71276e-08,9.19931e-08,-2.10686e-08
83541.7, -0.0963196, -0.230468, 0.688024, 0.834107, 0.534072, -0.13482, -0.0292755, 0.326202, 0.498512, 0.408715, -0.374234, 0.877304, 0.268251, 0.135384
# 83541.7,0.393182,0.89884,-0.193638,-0.0963196,0.883052,-0.42782,-0.192845,-0.230468,-0.256179,-0.0951694,-0.961933,0.688024,0,0,0,1,-0.00116896,0.0010412,-0.000100625,-0.00220821,0.00244803,-0.00289693,-2.11173e-08,1.79067e-08,-4.62532e-09,-0.683241,-0.583999,-0.438323,0.326202,-0.729267,0.575981,0.369345,0.498512,0.0367688,0.572006,-0.819425,0.408715,0,0,0,1,0.00289902,-0.00251275,-0.00313544,0.00127809,-0.000321647,-0.000835742,8.08161e-08,9.35283e-08,-1.59844e-08
84884.9, -0.101865, -0.267283, 0.697174, 0.837401, 0.527058, -0.141566, -0.0304732, 0.35143, 0.544514, 0.396156, -0.377543, 0.875054, 0.270637, 0.136004
# 84884.9,0.404339,0.891345,-0.204973,-0.101865,0.874089,-0.442564,-0.200263,-0.267283,-0.269217,-0.0981902,-0.958061,0.697174,0,0,0,1,-0.000907462,-0.00237285,0.000344799,-0.0022396,0.00258089,-0.00305768,1.04214e-08,2.80609e-09,-4.58841e-09,-0.677929,-0.587126,-0.442376,0.35143,-0.734356,0.568434,0.37095,0.544514,0.0336675,0.576339,-0.816517,0.396156,0,0,0,1,0.00459411,0.00203232,-0.0037522,0.00130445,-0.000326184,-0.000900266,1.24851e-07,7.72505e-08,-3.0881e-08
86346.5, -0.0986647, -0.258706, 0.698972, 0.838334, 0.524048, -0.146904, -0.0314482, 0.353544, 0.538548, 0.396811, -0.382006, 0.872164, 0.273743, 0.135888
# 86346.5,0.407587,0.887894,-0.213348,-0.0986647,0.869415,-0.44877,-0.206697,-0.258706,-0.27927,-0.101241,-0.954861,0.698972,0,0,0,1,-0.000590212,-0.00141644,0.000379991,-0.00224639,0.0026614,-0.00308706,7.5575e-10,3.34052e-09,-2.86209e-09,-0.671212,-0.591948,-0.446176,0.353544,-0.740741,0.558272,0.373678,0.538548,0.0278901,0.581318,-0.813199,0.396811,0,0,0,1,0.00420025,0.00127125,-0.00331326,0.00134379,-0.000312199,-0.000938241,1.16473e-07,7.73806e-08,-2.62448e-08
87741.9, -0.0958125, -0.247406, 0.702652, 0.839645, 0.519863, -0.154008, -0.0319419, 0.355591, 0.529658, 0.398932, -0.385932, 0.869457, 0.276945, 0.135657
# 87741.9,0.412048,0.88284,-0.225413,-0.0958125,0.863162,-0.457444,-0.213766,-0.247406,-0.291835,-0.106486,-0.950523,0.702652,0,0,0,1,-0.00027973,-0.000283043,0.000681322,-0.00229574,0.00276594,-0.00315165,-1.21235e-08,5.60837e-09,6.32743e-09,-0.665307,-0.595964,-0.449659,0.355591,-0.746242,0.548716,0.376874,0.529658,0.0221312,0.586291,-0.809798,0.398932,0,0,0,1,0.00385082,0.00039987,-0.0028413,0.00138617,-0.000296022,-0.000980176,1.07674e-07,7.8177e-08,-2.07526e-08
89119.7, -0.100486, -0.257225, 0.722022, 0.840912, 0.51793, -0.153717, -0.0314102, 0.3782, 0.541434, 0.397138, -0.388267, 0.867141, 0.280756, 0.135983
# 89119.7,0.416239,0.880724,-0.225989,-0.100486,0.861411,-0.461524,-0.212056,-0.257225,-0.291062,-0.106403,-0.950769,0.722022,0,0,0,1,-0.000404467,-0.00104667,0.00238542,-0.00224733,0.0027017,-0.00316453,-8.83933e-10,4.84022e-09,2.18742e-08,-0.661514,-0.597009,-0.45385,0.3782,-0.749721,0.54085,0.381313,0.541434,0.0178172,0.592505,-0.80537,0.397138,0,0,0,1,0.00546888,0.00134674,-0.00242449,0.00144661,-0.000286703,-0.00105753,1.25507e-07,7.9165e-08,-1.43674e-08
90563.7, -0.097272, -0.248605, 0.72426, 0.8418, 0.515322, -0.157376, -0.032392, 0.379052, 0.535186, 0.399267, -0.392254, 0.864304, 0.283802, 0.136282
# 90563.7,0.419352,0.877792,-0.231573,-0.097272,0.857401,-0.466787,-0.216733,-0.248605,-0.298342,-0.107663,-0.948368,0.72426,0,0,0,1,-0.000126296,-0.000198179,0.00223371,-0.00222956,0.00274579,-0.0031852,-9.70447e-09,5.45346e-09,2.20846e-08,-0.655129,-0.600699,-0.458222,0.379052,-0.755407,0.531186,0.383669,0.535186,0.0129323,0.597497,-0.801767,0.399267,0,0,0,1,0.00487518,0.000613996,-0.00201671,0.00148225,-0.000283887,-0.00109928,1.15962e-07,7.77415e-08,-1.091e-08
91879.3, -0.0937377, -0.239159, 0.724927, 0.842611, 0.512972, -0.160437, -0.0335653, 0.378623, 0.526437, 0.401449, -0.395769, 0.861693, 0.286773, 0.136429
# 91879.3,0.422239,0.875242,-0.235937,-0.0937377,0.853701,-0.471467,-0.221165,-0.239159,-0.304809,-0.108035,-0.946267,0.724927,0,0,0,1,0.00012971,0.000635882,0.00200527,-0.0022049,0.0027821,-0.00319888,-1.85198e-08,6.22455e-09,2.15881e-08,-0.649508,-0.603815,-0.462112,0.378623,-0.760312,0.522256,0.386232,0.526437,0.0081278,0.602209,-0.798297,0.401449,0,0,0,1,0.00428031,-0.000241677,-0.00166859,0.00151832,-0.000277823,-0.00114039,1.05566e-07,7.72833e-08,-7.4989e-09
93273.5, -0.0921876, -0.232496, 0.722281, 0.843469, 0.510528, -0.16392, -0.032428, 0.377653, 0.515927, 0.403609, -0.399261, 0.858961, 0.290142, 0.136364
