8365.27, 0.0226244, 0.601208, 0.673196, -0.166774, 0.959727, 0.178211, 0.139108, -0.171371, -0.305382, 0.734803, 0.813037, 0.576055, -0.000220481, -0.0844471
# 8365.27,-0.905671,-0.270533,-0.326453,0.0226244,-0.369696,0.880854,0.29567,0.601208,0.207569,0.388468,-0.897779,0.673196,0,0,0,1,-0.00572955,0.00682472,0.00316889,-3.41815e-05,-0.000274275,0.000700168,2.7413e-09,4.14787e-10,2.96468e-10,0.33632,0.936746,0.0969339,-0.171371,0.936671,-0.322058,-0.137571,-0.305382,-0.0976509,0.137063,-0.985737,0.734803,0,0,0,1,-0.000742927,-0.00451578,-0.000605051,1.11126e-07,3.52023e-07,2.87554e-07,2.46001e-09,1.84745e-10,-4.26276e-10
9912.58, 0.0302199, 0.611839, 0.675233, -0.218029, 0.947814, 0.180549, 0.146675, -0.178116, -0.32608, 0.732566, 0.812746, 0.576551, -0.000851181, -0.0838618
# 9912.58,-0.861899,-0.360339,-0.356771,0.0302199,-0.466267,0.839731,0.278294,0.611839,0.199311,0.406212,-0.891777,0.675233,0,0,0,1,-0.00401205,0.00670845,0.00285558,-9.4575e-05,-0.000819025,0.00211945,1.59178e-08,3.48921e-09,1.98856e-09,0.335176,0.937321,0.0953177,-0.178116,0.937036,-0.321112,-0.137298,-0.32608,-0.0980848,0.135335,-0.985933,0.732566,0,0,0,1,-0.00132996,-0.00595067,-0.000746199,4.36862e-07,8.36188e-07,8.9272e-07,1.4302e-08,1.01323e-09,-2.55364e-09
11467.9, 0.0450689, 0.622148, 0.675534, -0.258631, 0.936322, 0.182778, 0.151669, -0.186529, -0.352828, 0.729569, 0.812461, 0.577036, -0.00145174, -0.0832727
# 11467.9,-0.820213,-0.428881,-0.378566,0.0450689,-0.539768,0.799404,0.263826,0.622148,0.189477,0.420731,-0.887177,0.675534,0,0,0,1,-0.00123348,0.00654342,0.00231286,-0.000143719,-0.00141752,0.00374777,3.8655e-08,1.06054e-08,5.05107e-09,0.334055,0.93788,0.0937438,-0.186529,0.937397,-0.320191,-0.136987,-0.352828,-0.0984617,0.133636,-0.986127,0.729569,0,0,0,1,-0.0021789,-0.00828731,-0.0010026,9.66638e-07,1.11921e-06,3.57495e-06,3.50817e-08,1.68035e-09,-6.64252e-09
13054.8, 0.0696923, 0.629094, 0.672867, -0.295335, 0.924261, 0.185709, 0.155016, -0.196423, -0.386221, 0.724496, 0.812148, 0.577574, -0.00199767, -0.0825827
# 13054.8,-0.777494,-0.488359,-0.396243,0.0696923,-0.60351,0.756578,0.251725,0.629094,0.176857,0.434851,-0.882964,0.672867,0,0,0,1,0.00249506,0.00588493,0.00143011,-0.000135792,-0.00201933,0.00555919,6.89312e-08,2.6716e-08,9.80947e-09,0.33281,0.938481,0.0921503,-0.196423,0.937821,-0.319178,-0.136446,-0.386221,-0.0986399,0.131831,-0.986352,0.724496,0,0,0,1,-0.00309662,-0.0111426,-0.00150525,5.21177e-07,-1.11505e-06,8.71192e-06,6.1176e-08,1.78447e-09,-1.36127e-08
14621.7, 0.10259, 0.617613, 0.666034, -0.332299, 0.910419, 0.188889, 0.158226, -0.202481, -0.424316, 0.717088, 0.811681, 0.578329, -0.00237995, -0.0818739
# 14621.7,-0.729084,-0.545289,-0.413639,0.10259,-0.664837,0.707796,0.23878,0.617613,0.162568,0.449093,-0.878571,0.666034,0,0,0,1,0.00644989,0.00420921,0.000193893,-0.000100991,-0.00251514,0.00738892,7.83069e-08,8.06439e-08,2.46234e-08,0.33106,0.939228,0.0908366,-0.202481,0.938448,-0.317664,-0.135664,-0.424316,-0.0985636,0.130158,-0.986582,0.717088,0,0,0,1,-0.00350109,-0.0138732,-0.00225258,3.44774e-06,-9.99672e-06,2.14586e-05,8.50788e-08,-1.48725e-09,-2.32779e-08
16148, 0.141176, 0.606631, 0.655404, -0.361546, 0.898349, 0.191985, 0.15936, -0.208295, -0.4589, 0.707764, 0.81132, 0.57894, -0.00278567, -0.0811214
# 16148,-0.687778,-0.5884,-0.425145,0.141176,-0.710779,0.664852,0.229707,0.606631,0.147499,0.460171,-0.875492,0.655404,0,0,0,1,0.0102265,0.00198576,-0.0011937,-4.45287e-05,-0.0029196,0.00905104,9.47861e-08,1.20694e-07,3.21293e-08,0.329641,0.939863,0.0894088,-0.208295,0.938959,-0.316496,-0.134856,-0.4589,-0.098449,0.128405,-0.986823,0.707764,0,0,0,1,-0.0036475,-0.0158001,-0.00305643,1.66436e-06,-2.43687e-05,2.76576e-05,1.01698e-07,-4.90253e-09,-3.2869e-08
17688.1, 0.180643, 0.585289, 0.641135, -0.389077, 0.885999, 0.195109, 0.159869, -0.209102, -0.488187, 0.696607, 0.810915, 0.579619, -0.00302536, -0.0803075
# 17688.1,-0.646123,-0.627059,-0.435111,0.180643,-0.751827,0.621103,0.221331,0.585289,0.131462,0.470135,-0.872749,0.641135,0,0,0,1,0.0131958,-0.00093436,-0.00268473,2.68875e-05,-0.00321274,0.0105143,1.00882e-07,1.635e-07,3.75395e-08,0.328065,0.94053,0.0881889,-0.209102,0.939558,-0.315185,-0.133752,-0.488187,-0.0980021,0.126738,-0.987083,0.696607,0,0,0,1,-0.00318398,-0.0166155,-0.0039002,4.1239e-06,-4.59271e-05,4.02675e-05,1.06757e-07,-1.02824e-08,-4.21532e-08
19260.4, 0.215844, 0.556989, 0.625194, -0.414943, 0.87349, 0.198073, 0.160012, -0.204697, -0.508717, 0.685143, 0.81038, 0.580472, -0.00333751, -0.079525
# 19260.4,-0.604436,-0.66151,-0.443916,0.215844,-0.788286,0.577178,0.213238,0.556989,0.11516,0.478821,-0.870327,0.625194,0,0,0,1,0.0149286,-0.0039679,-0.0040058,8.89771e-05,-0.00341131,0.0116906,9.59396e-08,2.01052e-07,4.00711e-08,0.326081,0.941338,0.0869149,-0.204697,0.940276,-0.313455,-0.132766,-0.508717,-0.0977335,0.125016,-0.987329,0.685143,0,0,0,1,-0.00224498,-0.0161568,-0.00458354,7.60482e-06,-7.02003e-05,5.53341e-05,9.90713e-08,-1.62583e-08,-4.89061e-08
20829.2, 0.242315, 0.528387, 0.608322, -0.439084, 0.86096, 0.201109, 0.159713, -0.195937, -0.517619, 0.674292, 0.809803, 0.581376, -0.00370244, -0.0787859
# 20829.2,-0.563394,-0.691829,-0.45162,0.242315,-0.820307,0.533521,0.206038,0.528387,0.0984055,0.486547,-0.868094,0.608322,0,0,0,1,0.0153478,-0.00642856,-0.00514577,0.000157533,-0.0035178,0.0126112,8.33673e-08,2.27249e-07,3.78505e-08,0.323976,0.942184,0.085612,-0.195937,0.941017,-0.311589,-0.131907,-0.517619,-0.097605,0.123297,-0.987558,0.674292,0,0,0,1,-0.00105419,-0.0145399,-0.00508733,1.10132e-05,-8.83435e-05,8.11857e-05,8.01646e-08,-2.12207e-08,-5.28558e-08
22390.7, 0.252923, 0.491075, 0.592771, -0.463123, 0.847529, 0.204106, 0.159849, -0.175677, -0.518713, 0.664593, 0.808732, 0.582961, -0.00430281, -0.0780429
# 22390.7,-0.51993,-0.719769,-0.460006,0.252923,-0.850273,0.487716,0.197911,0.491075,0.0819016,0.494031,-0.865578,0.592771,0,0,0,1,0.0145706,-0.00801269,-0.00609862,0.000216967,-0.00353204,0.0132468,6.0798e-08,2.3235e-07,2.85799e-08,0.320277,0.94359,0.0840322,-0.175677,0.942247,-0.308132,-0.131248,-0.518713,-0.0979515,0.121215,-0.987782,0.664593,0,0,0,1,0.000605435,-0.0120354,-0.00546417,5.40099e-06,-9.47305e-05,0.000151528,5.13579e-08,-2.71487e-08,-5.51172e-08
23956.9, 0.264362, 0.47852, 0.578594, -0.485635, 0.834225, 0.206895, 0.159441, -0.16091, -0.502925, 0.653549, 0.807485, 0.584802, -0.00533898, -0.0771133
# 23956.9,-0.477475,-0.744282,-0.466971,0.264362,-0.876233,0.442707,0.190334,0.47852,0.065069,0.500055,-0.863546,0.578594,0,0,0,1,0.0133821,-0.00828176,-0.00657151,0.000261895,-0.00358764,0.0138287,4.81622e-08,2.29922e-07,2.02313e-08,0.315957,0.945261,0.0815697,-0.16091,0.943614,-0.304121,-0.13078,-0.502925,-0.0988143,0.118291,-0.98805,0.653549,0,0,0,1,0.00185333,-0.00866208,-0.00580624,-2.44904e-05,-7.50206e-05,0.000259405,1.60098e-08,-2.75692e-08,-5.5446e-08
25518.1, 0.269376, 0.473008, 0.565832, -0.507929, 0.820275, 0.209705, 0.158683, -0.146329, -0.478728, 0.643971, 0.805946, 0.587066, -0.00652284, -0.0759035
# 25518.1,-0.433655,-0.76673,-0.473358,0.269376,-0.899837,0.396064,0.182832,0.473008,0.0472969,0.505231,-0.861687,0.565832,0,0,0,1,0.0117332,-0.00790837,-0.0068318,0.000303568,-0.00361842,0.0143529,3.69433e-08,2.19122e-07,1.02823e-08,0.310621,0.947278,0.0786067,-0.146329,0.945298,-0.299184,-0.130007,-0.478728,-0.0996349,0.11469,-0.988392,0.643971,0,0,0,1,0.00287613,-0.00506455,-0.00597683,-7.27543e-05,-5.7293e-05,0.000400023,-2.0692e-08,-2.56482e-08,-5.36106e-08
27073.8, 0.265691, 0.477206, 0.557078, -0.529407, 0.806013, 0.212481, 0.157871, -0.13594, -0.448068, 0.637836, 0.804108, 0.589752, -0.00791722, -0.0744348
# 27073.8,-0.38961,-0.786329,-0.479469,0.265691,-0.920507,0.34916,0.175369,0.477206,0.0295139,0.50968,-0.859858,0.557078,0,0,0,1,0.00948234,-0.00672435,-0.00664473,0.000345376,-0.00364435,0.0147591,2.81238e-08,1.9699e-07,-1.3901e-10,0.30426,0.949627,0.0750636,-0.13594,0.94727,-0.293304,-0.129046,-0.448068,-0.100529,0.110369,-0.988794,0.637836,0,0,0,1,0.00338283,-0.00137257,-0.0057783,-0.000137949,-5.12027e-05,0.000572728,-5.63788e-08,-1.94086e-08,-4.75013e-08
28647.6, 0.254702, 0.488806, 0.550402, -0.549881, 0.791673, 0.2156, 0.15621, -0.127328, -0.41361, 0.63842, 0.802154, 0.592536, -0.00927498, -0.0732344
# 28647.6,-0.346459,-0.803294,-0.484444,0.254702,-0.938009,0.302296,0.169575,0.488806,0.0102267,0.513164,-0.85823,0.550402,0,0,0,1,0.00684916,-0.00501963,-0.00624356,0.000400817,-0.00360204,0.015074,2.21934e-08,1.67873e-07,-1.14677e-08,0.29763,0.951969,0.0719081,-0.127328,0.949252,-0.287076,-0.128482,-0.41361,-0.101668,0.106499,-0.989102,0.63842,0,0,0,1,0.00364138,0.00220276,-0.0050369,-0.000181414,-3.84647e-05,0.000739509,-8.97603e-08,-1.20712e-08,-3.60107e-08
30219.5, 0.231235, 0.502531, 0.548439, -0.560734, 0.782922, 0.219669, 0.156063, -0.120831, -0.380255, 0.640995, 0.800697, 0.594574, -0.0117449, -0.0723033
# 30219.5,-0.322442,-0.809458,-0.490722,0.231235,-0.946587,0.274645,0.168947,0.502531,-0.00198115,0.518987,-0.85478,0.548439,0,0,0,1,0.00387612,-0.00315288,-0.00554701,0.000488353,-0.00342734,0.0146507,1.76379e-08,1.35375e-07,-2.12746e-08,0.292688,0.953846,0.067171,-0.120831,0.950449,-0.282509,-0.129753,-0.380255,-0.104788,0.10182,-0.989269,0.640995,0,0,0,1,0.00338017,0.0051824,-0.00420026,-0.000249507,3.24007e-05,0.000830825,-1.16489e-07,-1.17048e-09,-2.36362e-08
31718.5, 0.214241, 0.51753, 0.551254, -0.568488, 0.777052, 0.221632, 0.154565, -0.120309, -0.348575, 0.649665, 0.798899, 0.597154, -0.01306, -0.0706882
# 31718.5,-0.305862,-0.814977,-0.4922,0.214241,-0.952003,0.255401,0.168703,0.51753,-0.0117806,0.520175,-0.853978,0.551254,0,0,0,1,0.00183921,-0.00167528,-0.00482502,0.000542673,-0.00333829,0.0147436,1.73019e-08,1.09808e-07,-2.68147e-08,0.286472,0.955978,0.0635563,-0.120309,0.952285,-0.27682,-0.128543,-0.348575,-0.105291,0.0973478,-0.989665,0.649665,0,0,0,1,0.00294815,0.00777751,-0.0028838,-0.000307206,2.863e-05,0.000965601,-1.38173e-07,8.58509e-09,-7.02937e-09
33259, 0.193321, 0.538232, 0.553746, -0.583761, 0.765342, 0.224355, 0.152117, -0.122787, -0.309664, 0.663276, 0.796833, 0.600045, -0.0148413, -0.069157
# 33259,-0.272167,-0.825297,-0.494782,0.193321,-0.96181,0.217776,0.165817,0.538232,-0.029097,0.521017,-0.853051,0.553746,0,0,0,1,-0.000859722,0.000503478,-0.0036305,0.000565164,-0.00320482,0.0146767,2.06606e-08,7.35661e-08,-3.27824e-08,0.279451,0.958324,0.0593425,-0.122787,0.954219,-0.270327,-0.128024,-0.309664,-0.106647,0.0924022,-0.989994,0.663276,0,0,0,1,0.00225739,0.0108987,-0.00119436,-0.000369301,4.58586e-05,0.00110921,-1.63694e-07,2.1809e-08,1.43345e-08
34828, 0.166953, 0.563881, 0.560705, -0.597268, 0.754737, 0.226624, 0.149279, -0.129345, -0.270391, 0.683135, 0.794603, 0.60316, -0.0164711, -0.0673331
# 34828,-0.241975,-0.8339,-0.496044,0.166953,-0.969221,0.183826,0.163765,0.563881,-0.0453777,0.520403,-0.852714,0.560705,0,0,0,1,-0.00379525,0.00298637,-0.00204347,0.0005565,-0.00303822,0.0144706,2.71644e-08,3.24236e-08,-3.69936e-08,0.271854,0.960763,0.0550493,-0.129345,0.956327,-0.263329,-0.126876,-0.270391,-0.107401,0.0871367,-0.99039,0.683135,0,0,0,1,0.00127076,0.0137672,0.000934927,-0.000433666,4.18257e-05,0.00125333,-1.85533e-07,3.64586e-08,3.99069e-08
36401.2, 0.137048, 0.593607, 0.571998, -0.608305, 0.746098, 0.227644, 0.146564, -0.141445, -0.230007, 0.707987, 0.792234, 0.606472, -0.0180371, -0.0650569
# 36401.2,-0.216969,-0.840981,-0.495656,0.137048,-0.974439,0.156287,0.161379,0.593607,-0.0582523,0.518001,-0.853394,0.571998,0,0,0,1,-0.00679266,0.00566962,-0.000103412,0.000484465,-0.00286144,0.0140655,3.68657e-08,-1.1641e-08,-3.86951e-08,0.263733,0.963282,0.0503313,-0.141445,0.958588,-0.255919,-0.124959,-0.230007,-0.10749,0.0812026,-0.990885,0.707987,0,0,0,1,-8.08882e-05,0.0164998,0.00338981,-0.000509763,2.6757e-05,0.0014042,-2.04756e-07,5.37095e-08,6.88193e-08
37947.6, 0.112509, 0.628134, 0.588049, -0.613467, 0.741534, 0.228148, 0.147424, -0.157635, -0.189576, 0.734191, 0.791345, 0.607803, -0.0217308, -0.0622573
# 37947.6,-0.203848,-0.842545,-0.498563,0.112509,-0.977082,0.143212,0.15748,0.628134,-0.0612839,0.519239,-0.852429,0.588049,0,0,0,1,-0.00863547,0.00805458,0.0019014,0.000435913,-0.00279896,0.0132704,4.95229e-08,-4.66847e-08,-3.45734e-08,0.260206,0.96467,0.0412872,-0.157635,0.959258,-0.253399,-0.12495,-0.189576,-0.110074,0.0721179,-0.991304,0.734191,0,0,0,1,-0.00102126,0.0182636,0.005804,-0.000674605,9.34314e-05,0.00143195,-2.15656e-07,6.60402e-08,9.61783e-08
39542.4, 0.0817511, 0.661015, 0.609111, -0.619484, 0.73699, 0.227273, 0.146398, -0.168296, -0.148522, 0.771412, 0.78954, 0.610343, -0.0248947, -0.0590687
# 39542.4,-0.189613,-0.846562,-0.497372,0.0817511,-0.979652,0.129172,0.153613,0.661015,-0.0657959,0.516379,-0.853829,0.609111,0,0,0,1,-0.0111792,0.0105773,0.00452773,0.000303286,-0.00267712,0.0125424,6.22018e-08,-8.97893e-08,-2.76967e-08,0.253724,0.966721,0.0327936,-0.168296,0.960839,-0.247986,-0.123663,-0.148522,-0.111415,0.0628857,-0.991782,0.771412,0,0,0,1,-0.00210448,0.0206254,0.00904729,-0.000823306,0.000124534,0.00152277,-2.31199e-07,7.962e-08,1.32236e-07
41080.3, 0.0529619, 0.694279, 0.634324, -0.622759, 0.735217, 0.223974, 0.146501, -0.176362, -0.10613, 0.813384, 0.78751, 0.612997, -0.0289313, -0.0567979
# 41080.3,-0.181416,-0.850102,-0.494384,0.0529619,-0.981351,0.124013,0.146868,0.694279,-0.0635426,0.511809,-0.856746,0.634324,0,0,0,1,-0.013323,0.0129395,0.00737181,7.65821e-05,-0.00262301,0.0116716,7.53602e-08,-1.30422e-07,-1.60045e-08,0.246796,0.968769,0.0240664,-0.176362,0.962196,-0.242018,-0.124927,-0.10613,-0.115201,0.0539882,-0.991874,0.813384,0,0,0,1,-0.00297719,0.0229752,0.0125145,-0.000949699,0.00021334,0.0016288,-2.46743e-07,9.09205e-08,1.7075e-07
42654.9, 0.0241107, 0.729234, 0.66224, -0.62385, 0.736208, 0.217045, 0.147309, -0.184323, -0.0655652, 0.857668, 0.784948, 0.616186, -0.0328888, -0.0555956
# 42654.9,-0.178222,-0.854622,-0.487707,0.0241107,-0.982513,0.127405,0.135783,0.729234,-0.053907,0.503377,-0.862384,0.66224,0,0,0,1,-0.0152153,0.0152358,0.0102169,-0.000305952,-0.00262571,0.0106309,8.84287e-08,-1.69061e-07,-1.37807e-09,0.238467,0.971004,0.0168824,-0.184323,0.96369,-0.234449,-0.127811,-0.0655652,-0.120146,0.046748,-0.991655,0.857668,0,0,0,1,-0.00382825,0.0250704,0.015965,-0.00102286,0.000321006,0.00176213,-2.59851e-07,1.00911e-07,2.09078e-07
44331.2, -0.00462373, 0.764823, 0.693361, -0.623169, 0.739469, 0.206355, 0.149212, -0.194622, -0.0216796, 0.906254, 0.781671, 0.620146, -0.0370508, -0.0550974
# 44331.2,-0.178793,-0.860047,-0.477863,-0.00462373,-0.983209,0.138157,0.119218,0.764823,-0.0365129,0.491154,-0.870307,0.693361,0,0,0,1,-0.0167444,0.0172806,0.0129814,-0.000823674,-0.00270347,0.0094495,9.92743e-08,-2.03914e-07,1.66916e-08,0.228092,0.973584,0.0104138,-0.194622,0.965418,-0.224766,-0.13209,-0.0216796,-0.12626,0.0401823,-0.991183,0.906254,0,0,0,1,-0.00475542,0.0268649,0.0192809,-0.00105754,0.000443916,0.0019155,-2.69818e-07,1.10569e-07,2.46079e-07
45981, -0.040476, 0.787905, 0.733158, -0.616844, 0.747781, 0.189125, 0.156711, -0.20001, 0.00708634, 0.951011, 0.77791, 0.624919, -0.03971, -0.0524948
# 45981,-0.18989,-0.863253,-0.467693,-0.040476,-0.981805,0.16747,0.0895154,0.787905,0.00105006,0.476181,-0.879346,0.733158,0,0,0,1,-0.0180728,0.0184844,0.01553,-0.00153058,-0.00300833,0.00787667,1.09802e-07,-2.29552e-07,3.34742e-08,0.215799,0.97643,0.00382829,-0.20001,0.968092,-0.213442,-0.131303,0.00708634,-0.127392,0.0320413,-0.991335,0.951011,0,0,0,1,-0.00535079,0.0270055,0.0222938,-0.00112774,0.000446864,0.00209979,-2.66712e-07,1.13133e-07,2.76342e-07
47515.7, -0.0576357, 0.815647, 0.760761, -0.6102, 0.756207, 0.17146, 0.162506, -0.207743, 0.0364208, 0.997719, 0.774588, 0.628817, -0.043937, -0.0516958
# 47515.7,-0.202494,-0.867149,-0.455026,-0.0576357,-0.978602,0.196514,0.0609959,0.815647,0.0365264,0.457641,-0.888387,0.760761,0,0,0,1,-0.0181432,0.019769,0.0173368,-0.00221355,-0.00325653,0.00646867,1.10673e-07,-2.45905e-07,5.57152e-08,0.205318,0.978691,-0.00305178,-0.207743,0.969605,-0.203834,-0.135343,0.0364208,-0.133081,0.0248292,-0.990794,0.997719,0,0,0,1,-0.00585573,0.0272831,0.0249354,-0.00117438,0.00055563,0.00224631,-2.64015e-07,1.15886e-07,3.04246e-07
49119.5, -0.0807774, 0.846782, 0.7985, -0.603799, 0.763728, 0.152043, 0.170382, -0.216423, 0.0553588, 1.04051, 0.771108, 0.632899, -0.0475915, -0.0506471
# 49119.5,-0.212794,-0.870464,-0.443858,-0.0807774,-0.974086,0.22462,0.026486,0.846782,0.0766445,0.437993,-0.895705,0.7985,0,0,0,1,-0.0182762,0.0210602,0.0195323,-0.0028839,-0.0036227,0.00513069,1.10972e-07,-2.6426e-07,8.17986e-08,0.194347,0.980889,-0.00928734,-0.216423,0.971248,-0.193746,-0.13835,0.0553588,-0.137506,0.0178676,-0.99034,1.04051,0,0,0,1,-0.00641035,0.0264158,0.0269659,-0.00121015,0.000629376,0.00238846,-2.51234e-07,1.16846e-07,3.24339e-07
50709.4, -0.0945257, 0.869076, 0.830804, -0.594115, 0.772983, 0.129812, 0.180757, -0.222683, 0.0641577, 1.07766, 0.767841, 0.636737, -0.051525, -0.048282
# 50709.4,-0.228708,-0.871553,-0.43369,-0.0945257,-0.965411,0.260352,-0.0140959,0.869076,0.125198,0.415465,-0.900952,0.830804,0,0,0,1,-0.0174525,0.0214452,0.0208732,-0.00357804,-0.00407789,0.00367371,1.02228e-07,-2.68794e-07,1.07264e-07,0.183822,0.982801,-0.0176402,-0.222683,0.97285,-0.184469,-0.139762,0.0641577,-0.140612,0.00852993,-0.990028,1.07766,0,0,0,1,-0.00664905,0.0246844,0.028188,-0.00129748,0.000679154,0.00250996,-2.32168e-07,1.14359e-07,3.3465e-07
52266.6, -0.099656, 0.881638, 0.85707, -0.581898, 0.78297, 0.105195, 0.193095, -0.226908, 0.0638022, 1.10614, 0.764817, 0.640277, -0.055678, -0.0447118
# 52266.6,-0.248218,-0.870593,-0.424801,-0.099656,-0.951844,0.300657,-0.0599939,0.881638,0.17995,0.389453,-0.903297,0.85707,0,0,0,1,-0.0158933,0.0208996,0.0213462,-0.00428034,-0.00459931,0.00216932,8.46097e-08,-2.61116e-07,1.30068e-07,0.173889,0.98437,-0.0279111,-0.226908,0.974412,-0.176091,-0.139691,0.0638022,-0.142423,-0.00290608,-0.989802,1.10614,0,0,0,1,-0.00658959,0.0222748,0.0283852,-0.0014269,0.000708139,0.00261587,-2.08811e-07,1.09019e-07,3.33425e-07
53822.6, -0.105559, 0.864173, 0.879277, -0.560168, 0.794999, 0.0802483, 0.218512, -0.222493, 0.0481969, 1.11843, 0.760666, 0.645177, -0.0580295, -0.0420242
# 53822.6,-0.276928,-0.855597,-0.437339,-0.105559,-0.925738,0.359543,-0.117212,0.864173,0.257528,0.372401,-0.891626,0.879277,0,0,0,1,-0.014652,0.0180162,0.0217377,-0.00471661,-0.00541517,0.000264819,4.5976e-08,-2.27075e-07,1.32653e-07,0.160759,0.986406,-0.0340561,-0.222493,0.976652,-0.163962,-0.138811,0.0481969,-0.142508,-0.0109458,-0.989733,1.11843,0,0,0,1,-0.00658883,0.0186562,0.0271403,-0.00148283,0.00068777,0.00277222,-1.76543e-07,1.01504e-07,3.16162e-07
55436, -0.0958825, 0.860599, 0.885165, -0.546796, 0.802756, 0.0552857, 0.231388, -0.221044, 0.0382508, 1.12658, 0.756608, 0.649991, -0.0612173, -0.0361751
# 55436,-0.294948,-0.852302,-0.431957,-0.0958825,-0.903472,0.395916,-0.164282,0.860599,0.311037,0.341806,-0.886806,0.885165,0,0,0,1,-0.0120234,0.0159448,0.0195486,-0.00532984,-0.00589479,-0.00104615,2.44361e-08,-1.86597e-07,1.3113e-07,0.147529,0.988006,-0.045608,-0.221044,0.979148,-0.152407,-0.134322,0.0382508,-0.139662,-0.0248406,-0.989888,1.12658,0,0,0,1,-0.00572411,0.0154471,0.0247518,-0.00164616,0.00062746,0.0029167,-1.51906e-07,8.84571e-08,2.87476e-07
57022, -0.0794854, 0.847634, 0.880642, -0.533064, 0.809453, 0.0314189, 0.244217, -0.217913, 0.0199672, 1.1205, 0.752474, 0.654869, -0.0637649, -0.0293881
# 57022,-0.312403,-0.847634,-0.428861,-0.0794854,-0.878326,0.429712,-0.209502,0.847634,0.361867,0.31123,-0.878742,0.880642,0,0,0,1,-0.00911639,0.0133217,0.0164745,-0.0058636,-0.00634154,-0.002259,2.924e-09,-1.38516e-07,1.20447e-07,0.134162,0.989291,-0.0574721,-0.217913,0.981796,-0.140567,-0.127743,0.0199672,-0.134454,-0.0392875,-0.990141,1.1205,0,0,0,1,-0.00474982,0.0118275,0.0212764,-0.00181774,0.000534134,0.00306,-1.25235e-07,7.39332e-08,2.47548e-07
58634.8, -0.055782, 0.827112, 0.865339, -0.520042, 0.814609, 0.00958995, 0.256664, -0.211091, 5.13665e-05, 1.10415, 0.74731, 0.660761, -0.0664451, -0.0225332
# 58634.8,-0.32736,-0.84234,-0.428135,-0.055782,-0.852185,0.458928,-0.251328,0.827112,0.408186,0.282576,-0.868064,0.865339,0,0,0,1,-0.00591578,0.0102515,0.0125196,-0.0062924,-0.0067285,-0.003336,-1.65318e-08,-8.33594e-08,1.00467e-07,0.117961,0.990581,-0.0695321,-0.211091,0.984592,-0.125775,-0.121487,5.13665e-05,-0.129088,-0.0541301,-0.990155,1.10415,0,0,0,1,-0.0035573,0.00836412,0.0169984,-0.00198042,0.000444118,0.0032489,-1.01425e-07,5.75127e-08,2.00127e-07
60236.4, -0.032709, 0.799348, 0.838804, -0.506628, 0.818886, -0.00808444, 0.269607, -0.206436, -0.0256538, 1.07495, 0.742829, 0.665778, -0.0687033, -0.0149706
# 60236.4,-0.34128,-0.834101,-0.433364,-0.032709,-0.825382,0.486526,-0.286422,0.799348,0.449747,0.259941,-0.854493,0.838804,0,0,0,1,-0.00321664,0.00701619,0.00784012,-0.00654832,-0.00703755,-0.00433376,-3.3658e-08,-2.96937e-08,6.94683e-08,0.104038,0.991176,-0.0821355,-0.206436,0.987062,-0.11303,-0.113724,-0.0256538,-0.122004,-0.0692413,-0.990112,1.07495,0,0,0,1,-0.0025864,0.00486319,0.0118819,-0.00214863,0.000333296,0.00338575,-7.76177e-08,4.30637e-08,1.44779e-07
61811.9, -0.0179321, 0.745649, 0.777627, -0.522051, 0.79807, 0.0599805, 0.29487, -0.155608, -0.0739854, 1.02496, 0.739486, 0.666461, -0.0905002, -0.0282943
# 61811.9,-0.281028,-0.797895,-0.53328,-0.0179321,-0.86864,0.447729,-0.212137,0.745649,0.408028,0.403612,-0.818908,0.777627,0,0,0,1,-0.00888012,0.00817608,0.0097725,-0.00373739,-0.00693633,-0.00359154,1.05858e-08,-8.66275e-08,5.64999e-08,0.0952787,0.990798,-0.096133,-0.155608,0.980555,-0.110058,-0.162476,-0.0739854,-0.171561,-0.0787832,-0.982019,1.02496,0,0,0,1,-0.00245183,0.00880682,0.015211,-0.00207384,0.00120079,0.00342531,-1.10726e-07,4.54674e-08,1.76698e-07
63400.4, -0.00225687, 0.727044, 0.751231, -0.511196, 0.801892, 0.0490587, 0.305354, -0.153241, -0.088882, 1.00614, 0.737151, 0.6678, -0.10153, -0.0185549
# 63400.4,-0.290875,-0.789888,-0.539879,-0.00225687,-0.849809,0.472543,-0.233512,0.727044,0.439565,0.390871,-0.808704,0.751231,0,0,0,1,-0.00658263,0.006207,0.0056461,-0.00385483,-0.00713226,-0.00437709,1.74456e-08,-4.48462e-08,2.69866e-08,0.0874708,0.988306,-0.124903,-0.153241,0.98077,-0.107399,-0.162958,-0.088882,-0.174467,-0.108247,-0.978695,1.00614,0,0,0,1,-0.00180362,0.00628558,0.0112989,-0.00246626,0.00129035,0.00342179,-9.16291e-08,3.61805e-08,1.35217e-07
65002.2, 0.0182567, 0.707792, 0.716846, -0.502174, 0.805121, 0.0382241, 0.313273, -0.151015, -0.107371, 0.979971, 0.733456, 0.670547, -0.110801, -0.0114793
# 65002.2,-0.299362,-0.784673,-0.542836,0.0182567,-0.832571,0.49272,-0.253085,0.707792,0.466055,0.376185,-0.800798,0.716846,0,0,0,1,-0.0041328,0.00431638,0.00114862,-0.00399276,-0.0072414,-0.00502807,2.89608e-08,-1.86388e-09,-4.94785e-09,0.0761794,0.986178,-0.14714,-0.151015,0.98109,-0.10047,-0.165433,-0.107371,-0.17793,-0.131755,-0.975183,0.979971,0,0,0,1,-0.00124184,0.00361896,0.00702797,-0.00273129,0.00137178,0.00347799,-7.17173e-08,2.58861e-08,9.02117e-08
66587.9, 0.0375533, 0.687826, 0.677025, -0.493091, 0.808205, 0.0294528, 0.320623, -0.153335, -0.125265, 0.94305, 0.729386, 0.674113, -0.116445, -0.00286698
# 66587.9,-0.308124,-0.77815,-0.547305,0.0375533,-0.815923,0.511988,-0.268585,0.687826,0.489213,0.363801,-0.792666,0.677025,0,0,0,1,-0.00223574,0.0025418,-0.00339147,-0.00406421,-0.00729461,-0.0056317,4.09841e-08,3.59017e-08,-3.92467e-08,0.0640251,0.984045,-0.166002,-0.153335,0.98271,-0.0911278,-0.161176,-0.125265,-0.173732,-0.152812,-0.972865,0.94305,0,0,0,1,-0.00105893,0.00141653,0.0023474,-0.00295988,0.00132298,0.00355773,-5.67882e-08,1.89181e-08,4.18662e-08
68174, 0.0585351, 0.668885, 0.62797, -0.485496, 0.811166, 0.0228009, 0.325243, -0.154331, -0.140301, 0.899003, 0.724285, 0.679188, -0.118747, 0.00362745
# 68174,-0.317022,-0.772804,-0.549792,0.0585351,-0.802468,0.527548,-0.278817,0.668885,0.505513,0.352799,-0.787395,0.62797,0,0,0,1,-0.000593998,0.000937831,-0.00834215,-0.00410802,-0.00723703,-0.00613211,5.58282e-08,7.1834e-08,-7.75906e-08,0.0492049,0.982991,-0.176941,-0.154331,0.984714,-0.0773803,-0.156048,-0.140301,-0.167086,-0.166557,-0.971772,0.899003,0,0,0,1,-0.000811567,-0.000268177,-0.00263368,-0.00306202,0.00121763,0.00368308,-4.74768e-08,1.1286e-08,-8.68162e-09
69744.1, 0.0680809, 0.705349, 0.603343, -0.532861, 0.788657, 0.095027, 0.291631, -0.145357, -0.122681, 0.8861, 0.716196, 0.685634, -0.127759, -0.0254231
# 69744.1,-0.262021,-0.785064,-0.561266,0.0680809,-0.895915,0.414058,-0.16091,0.705349,0.358722,0.460685,-0.811843,0.603343,0,0,0,1,-0.00494577,0.00533256,-0.00215121,-0.00242327,-0.00540508,-0.00404473,1.24282e-08,1.46653e-08,-3.26092e-08,0.0271664,0.988593,-0.14814,-0.145357,0.975601,-0.0585189,-0.211608,-0.122681,-0.217864,-0.138777,-0.966063,0.8861,0,0,0,1,-0.000332011,0.00530831,0.00365234,-0.00237778,0.0018794,0.00392055,-9.73351e-08,2.30019e-08,6.25655e-08
71334.7, 0.0769865, 0.689235, 0.576676, -0.522418, 0.793821, 0.0893025, 0.298249, -0.144534, -0.125173, 0.867859, 0.710633, 0.689864, -0.136169, -0.0233755
# 71334.7,-0.276253,-0.776144,-0.56682,0.0769865,-0.882682,0.438209,-0.169841,0.689235,0.380207,0.453402,-0.806145,0.576676,0,0,0,1,-0.0044792,0.00399793,-0.00426213,-0.0024163,-0.00542597,-0.00469349,1.45716e-08,3.28389e-08,-4.97448e-08,0.0110911,0.986846,-0.161281,-0.144534,0.974114,-0.0470825,-0.221099,-0.125173,-0.225784,-0.154654,-0.961823,0.867859,0,0,0,1,-0.000255743,0.00495878,0.00148861,-0.00248157,0.00200531,0.00403228,-9.80843e-08,1.87815e-08,4.12063e-08
72901.8, 0.0882118, 0.67458, 0.548249, -0.513516, 0.798499, 0.0840149, 0.302725, -0.144813, -0.130527, 0.849428, 0.704934, 0.694118, -0.144128, -0.0222529
# 72901.8,-0.289319,-0.769217,-0.569736,0.0882118,-0.870951,0.458486,-0.176736,0.67458,0.397165,0.445079,-0.802599,0.548249,0,0,0,1,-0.0037452,0.00291372,-0.00640228,-0.00242382,-0.00537867,-0.00523828,1.98244e-08,5.17513e-08,-6.52319e-08,-0.00514654,0.98503,-0.172309,-0.144813,0.972201,-0.035409,-0.231457,-0.130527,-0.234094,-0.16871,-0.957464,0.849428,0,0,0,1,-0.000239813,0.00423353,-0.000525456,-0.00254912,0.00213584,0.00414,-9.50754e-08,1.47706e-08,2.06774e-08
74470.8, 0.100578, 0.661023, 0.517357, -0.505601, 0.802905, 0.0796713, 0.305553, -0.145398, -0.132699, 0.828614, 0.698566, 0.699169, -0.150813, -0.0205792
# 74470.8,-0.302009,-0.763212,-0.571225,0.100578,-0.860587,0.47604,-0.181039,0.661023,0.410097,0.436913,-0.800579,0.517357,0,0,0,1,-0.00304755,0.00196553,-0.00858943,-0.00242857,-0.00528226,-0.00571046,2.61425e-08,6.97829e-08,-8.11066e-08,-0.0231639,0.983039,-0.181928,-0.145398,0.970625,-0.0214781,-0.239639,-0.132699,-0.239482,-0.182135,-0.953664,0.828614,0,0,0,1,-0.000231758,0.00383746,-0.00259024,-0.00260792,0.00221747,0.00427474,-9.54173e-08,1.09784e-08,1.32266e-10
76072.8, 0.111564, 0.6499, 0.485487, -0.49864, 0.807097, 0.0761991, 0.306832, -0.147511, -0.133866, 0.806516, 0.691481, 0.704751, -0.157612, -0.0184133
# 76072.8,-0.314424,-0.758142,-0.571278,0.111564,-0.851663,0.491103,-0.182997,0.6499,0.419294,0.428997,-0.800096,0.485487,0,0,0,1,-0.00256676,0.00129466,-0.0106337,-0.00243085,-0.00513783,-0.006119,3.29352e-08,8.41809e-08,-9.64298e-08,-0.0430312,0.980448,-0.192018,-0.147511,0.968839,-0.00597419,-0.24762,-0.133866,-0.243925,-0.19669,-0.949639,0.806516,0,0,0,1,-0.00033259,0.0035641,-0.00454627,-0.00267479,0.00228783,0.00442024,-9.68584e-08,8.28153e-09,-1.92531e-08
77640.2, 0.135892, 0.659214, 0.474932, -0.518253, 0.805805, 0.0883327, 0.272561, -0.181947, -0.109924, 0.806885, 0.679571, 0.719476, -0.141005, -0.025602
# 77640.2,-0.314249,-0.78707,-0.530819,0.135892,-0.883374,0.447222,-0.140153,0.659214,0.347704,0.424869,-0.835816,0.474932,0,0,0,1,-0.00203454,0.000874542,-0.00938157,-0.0026204,-0.00399706,-0.00546239,3.54701e-08,7.3255e-08,-8.28522e-08,-0.0750559,0.98509,-0.154805,-0.181947,0.97065,0.036602,-0.237696,-0.109924,-0.228485,-0.168102,-0.958925,0.806885,0,0,0,1,-0.000251245,0.00411203,-0.00434513,-0.00219119,0.0019854,0.00476929,-9.83047e-08,1.94276e-08,-2.16599e-08
79234.7, 0.139209, 0.652612, 0.45457, -0.509714, 0.810995, 0.0852487, 0.274248, -0.194519, -0.105544, 0.79207, 0.674461, 0.72303, -0.147601, -0.0233304
# 79234.7,-0.32996,-0.779992,-0.531733,0.139209,-0.873509,0.465849,-0.141304,0.652612,0.357923,0.417849,-0.835041,0.45457,0,0,0,1,-0.00265192,0.000955657,-0.009897,-0.0025985,-0.00385801,-0.00590839,3.85274e-08,7.05011e-08,-9.01991e-08,-0.089117,0.982198,-0.165365,-0.194519,0.968424,0.0466335,-0.244911,-0.105544,-0.232839,-0.181969,-0.95534,0.79207,0,0,0,1,-0.00139472,0.00474389,-0.00503026,-0.00226371,0.00205875,0.00482622,-1.06288e-07,2.91576e-08,-2.83833e-08
80868.1, 0.140564, 0.646377, 0.436303, -0.501046, 0.816358, 0.0821242, 0.275259, -0.207684, -0.102094, 0.776252, 0.669351, 0.726448, -0.15432, -0.0207093
# 80868.1,-0.346371,-0.772856,-0.531715,0.140564,-0.863277,0.484417,-0.141749,0.646377,0.367123,0.40992,-0.834977,0.436303,0,0,0,1,-0.00328844,0.00110245,-0.0102107,-0.00258551,-0.00370305,-0.00633653,4.1041e-08,6.63405e-08,-9.59185e-08,-0.103081,0.978888,-0.1765,-0.207684,0.966105,0.0563096,-0.251934,-0.102094,-0.236677,-0.196487,-0.951513,0.776252,0,0,0,1,-0.00247077,0.0051956,-0.00567385,-0.00234078,0.00212325,0.0048738,-1.12658e-07,3.79547e-08,-3.49589e-08
82458.1, 0.142256, 0.641215, 0.417194, -0.492415, 0.822067, 0.0788845, 0.274791, -0.22072, -0.0992004, 0.759115, 0.664134, 0.729866, -0.160904, -0.0182144
# 82458.1,-0.364035,-0.766243,-0.529481,0.142256,-0.85295,0.50261,-0.140925,0.641215,0.374105,0.400319,-0.836535,0.417194,0,0,0,1,-0.00379771,0.00132587,-0.0107062,-0.00259324,-0.00351629,-0.00674186,4.48735e-08,6.33284e-08,-1.02422e-07,-0.117188,0.975319,-0.187135,-0.22072,0.963596,0.0660719,-0.25907,-0.0992004,-0.240311,-0.210682,-0.947557,0.759115,0,0,0,1,-0.00343265,0.00551286,-0.00645137,-0.00241195,0.00218688,0.00492747,-1.18311e-07,4.51939e-08,-4.29588e-08
84040.4, 0.143283, 0.638332, 0.397021, -0.48407, 0.828003, 0.0760118, 0.272599, -0.230329, -0.0940946, 0.741809, 0.658788, 0.733236, -0.167561, -0.0169062
# 84040.4,-0.382732,-0.760181,-0.525015,0.143283,-0.843064,0.519796,-0.138038,0.638332,0.377835,0.38979,-0.839824,0.397021,0,0,0,1,-0.00431045,0.00167889,-0.0113624,-0.00261356,-0.00329474,-0.00711343,4.98494e-08,6.01031e-08,-1.10164e-07,-0.131425,0.971761,-0.195982,-0.230329,0.960429,0.0758429,-0.267999,-0.0940946,-0.245567,-0.223449,-0.943275,0.741809,0,0,0,1,-0.00407834,0.00596162,-0.0072744,-0.0024572,0.0022672,0.0049807,-1.2586e-07,4.92945e-08,-5.06527e-08
85650.1, 0.147132, 0.637722, 0.376522, -0.477631, 0.833934, 0.0751004, 0.26605, -0.246625, -0.0853197, 0.728464, 0.654132, 0.736417, -0.171881, -0.0161007
# 85650.1,-0.402171,-0.756665,-0.515477,0.147132,-0.836587,0.532456,-0.12889,0.637722,0.371996,0.379405,-0.847155,0.376522,0,0,0,1,-0.00510487,0.00204012,-0.0118081,-0.0027393,-0.00297718,-0.00740493,3.92971e-08,5.84905e-08,-1.06334e-07,-0.143705,0.968962,-0.201152,-0.246625,0.957892,0.0851368,-0.274215,-0.0853197,-0.248579,-0.232088,-0.940396,0.728464,0,0,0,1,-0.00471669,0.00643137,-0.00788517,-0.00243456,0.00230649,0.00501879,-1.32743e-07,6.15865e-08,-5.95894e-08
87260, 0.143512, 0.638601, 0.356132, -0.468372, 0.840703, 0.0725666, 0.261878, -0.257236, -0.0757319, 0.71257, 0.647363, 0.740919, -0.178189, -0.0144476
# 87260,-0.424096,-0.749516,-0.508299,0.143512,-0.82553,0.550724,-0.123298,0.638601,0.372346,0.367326,-0.852309,0.356132,0,0,0,1,-0.00593366,0.00267071,-0.0123508,-0.00277213,-0.00270762,-0.00776632,4.32774e-08,5.0464e-08,-1.14592e-07,-0.161425,0.964436,-0.209297,-0.257236,0.954139,0.0983396,-0.282753,-0.0757319,-0.252115,-0.245341,-0.93608,0.71257,0,0,0,1,-0.00551499,0.00723956,-0.00845052,-0.00247717,0.00237,0.00510881,-1.43692e-07,6.71069e-08,-6.41852e-08
88846.7, 0.139957, 0.63957, 0.339032, -0.459005, 0.847659, 0.0699558, 0.256702, -0.265183, -0.0679085, 0.69929, 0.639752, 0.745977, -0.184547, -0.0133241
# 88846.7,-0.446838,-0.742243,-0.499411,0.139957,-0.814074,0.568842,-0.117058,0.63957,0.370971,0.354252,-0.85842,0.339032,0,0,0,1,-0.00650922,0.00322993,-0.0125768,-0.00281657,-0.00243036,-0.00810921,4.60785e-08,4.31979e-08,-1.19029e-07,-0.18108,0.959399,-0.21625,-0.265183,0.949563,0.11332,-0.292385,-0.0679085,-0.256008,-0.258288,-0.93153,0.69929,0,0,0,1,-0.00603144,0.00774133,-0.00869944,-0.00250898,0.00244234,0.00522048,-1.51137e-07,7.03101e-08,-6.5936e-08
90470.9, 0.136141, 0.638671, 0.323607, -0.449791, 0.854663, 0.0669563, 0.250512, -0.272761, -0.0604344, 0.687435, 0.63181, 0.751129, -0.190939, -0.0127934
# 90470.9,-0.469863,-0.735293,-0.488439,0.136141,-0.802386,0.58641,-0.110906,0.638671,0.367974,0.339806,-0.865521,0.323607,0,0,0,1,-0.0069044,0.00354225,-0.0126121,-0.00287807,-0.00214255,-0.00843305,4.63886e-08,3.75216e-08,-1.21298e-07,-0.201305,0.954027,-0.222055,-0.272761,0.944256,0.128717,-0.303005,-0.0604344,-0.260493,-0.270674,-0.926758,0.687435,0,0,0,1,-0.0064133,0.00806694,-0.00877661,-0.00252628,0.00252041,0.00533045,-1.56563e-07,7.25848e-08,-6.61443e-08
92082, 0.133423, 0.639057, 0.310563, -0.440421, 0.861819, 0.0634467, 0.243459, -0.27953, -0.0547676, 0.678206, 0.623963, 0.756075, -0.197141, -0.0125268
# 92082,-0.493514,-0.728233,-0.475522,0.133423,-0.790019,0.604008,-0.10509,0.639057,0.363749,0.323808,-0.873405,0.310563,0,0,0,1,-0.00705537,0.00394192,-0.0124199,-0.00295654,-0.00185052,-0.00875111,4.73376e-08,3.2125e-08,-1.20337e-07,-0.221028,0.948464,-0.227075,-0.27953,0.938586,0.143612,-0.313739,-0.0547676,-0.264959,-0.282474,-0.921957,0.678206,0,0,0,1,-0.00669605,0.00813724,-0.00854729,-0.00253588,0.00259619,0.00543282,-1.58737e-07,7.46786e-08,-6.39025e-08
93718.4, 0.130908, 0.639452, 0.301595, -0.42659, 0.866851, 0.0773494, 0.246187, -0.289008, -0.0524115, 0.668461, 0.613467, 0.764766, -0.19646, -0.013976
# 93718.4,-0.514827,-0.701494,-0.492807,0.130908,-0.777664,0.624077,-0.0759404,0.639452,0.360821,0.344142,-0.866819,0.301595,0,0,0,1,-0.0075706,0.00391729,-0.0115997,-0.00262054,-0.00159715,-0.0090869,1.39055e-08,2.79382e-08,-1.11652e-07,-0.246926,0.943808,-0.219667,-0.289008,0.932826,0.170124,-0.317639,-0.0524115,-0.26242,-0.283344,-0.922417,0.668461,0,0,0,1,-0.0067202,0.00752324,-0.00812622,-0.00242478,0.00253278,0.00564602,-1.49238e-07,7.41597e-08,-5.93349e-08
95339.3, 0.132454, 0.636681, 0.293803, -0.41665, 0.873775, 0.0749774, 0.239373, -0.291263, -0.0532075, 0.663273, 0.606337, 0.768778, -0.202907, -0.0128453
# 95339.3,-0.538208,-0.692221,-0.480794,0.132454,-0.764011,0.641563,-0.0684422,0.636681,0.355837,0.330496,-0.874158,0.293803,0,0,0,1,-0.00700081,0.00387171,-0.0110014,-0.00267422,-0.00132284,-0.00938969,1.26191e-08,2.94518e-08,-1.03822e-07,-0.264381,0.93749,-0.226309,-0.291263,0.927064,0.182369,-0.327558,-0.0532075,-0.26581,-0.296403,-0.917328,0.663273,0,0,0,1,-0.00649559,0.00690368,-0.00753929,-0.00245573,0.00260083,0.00571457,-1.43054e-07,7.27193e-08,-5.49224e-08
96958, 0.136988, 0.631677, 0.289006, -0.406828, 0.880392, 0.0727278, 0.232621, -0.291981, -0.059043, 0.659803, 0.600277, 0.772082, -0.208382, -0.0115552
# 96958,-0.560757,-0.6825,-0.46877,0.136988,-0.750172,0.658404,-0.0612153,0.631677,0.350419,0.317331,-0.881196,0.289006,0,0,0,1,-0.00606214,0.00359396,-0.0102188,-0.00272242,-0.00106295,-0.00967193,1.08828e-08,3.45121e-08,-9.28906e-08,-0.279068,0.931742,-0.23233,-0.291981,0.922111,0.192489,-0.335648,-0.059043,-0.268016,-0.307903,-0.912887,0.659803,0,0,0,1,-0.00605858,0.00583334,-0.00682248,-0.00247752,0.00264633,0.00575113,-1.31445e-07,7.03915e-08,-5.02664e-08
98583.4, 0.145233, 0.62633, 0.285564, -0.397321, 0.886558, 0.0706551, 0.226184, -0.288962, -0.0642398, 0.658759, 0.593551, 0.775606, -0.214503, -0.0109898
# 98583.4,-0.581953,-0.672534,-0.457196,0.145233,-0.736458,0.674288,-0.054456,0.62633,0.344905,0.305015,-0.887697,0.285564,0,0,0,1,-0.00485761,0.00326199,-0.00936569,-0.00276305,-0.000819015,-0.0099364,1.01547e-08,4.17177e-08,-8.02182e-08,-0.295153,0.925439,-0.237589,-0.288962,0.916009,0.203371,-0.345785,-0.0642398,-0.271684,-0.319693,-0.907736,0.658759,0,0,0,1,-0.00534684,0.00486786,-0.00597484,-0.00249215,0.0027137,0.00579998,-1.2021e-07,6.60679e-08,-4.37223e-08
100217, 0.159573, 0.619563, 0.282251, -0.388785, 0.891794, 0.0697814, 0.220636, -0.282285, -0.0713954, 0.658062, 0.585434, 0.780314, -0.219806, -0.00788065
# 100217,-0.600332,-0.66264,-0.447784,0.159573,-0.724225,0.687953,-0.0470991,0.619563,0.339264,0.296021,-0.8929,0.282251,0,0,0,1,-0.00310836,0.00270143,-0.00859549,-0.00277299,-0.000597698,-0.0101595,1.10024e-08,5.47929e-08,-6.59425e-08,-0.31441,0.917109,-0.245065,-0.282285,0.910181,0.217905,-0.352263,-0.0713954,-0.269662,-0.333808,-0.903247,0.658062,0,0,0,1,-0.00427053,0.0036585,-0.00518409,-0.00254274,0.00273276,0.00588732,-1.05513e-07,5.85546e-08,-3.7947e-08
101829, 0.16399, 0.629883, 0.298936, -0.415154, 0.883603, 0.0743225, 0.203394, -0.294022, -0.0641428, 0.671692, 0.555989, 0.795108, -0.242234, -0.00121688
# 101829,-0.572557,-0.703429,-0.421149,0.16399,-0.763896,0.644247,-0.0375361,0.629883,0.297728,0.300222,-0.906214,0.298936,0,0,0,1,-0.00181865,0.00132677,-0.0071501,-0.00290179,-0.000348799,-0.00957613,2.24296e-08,6.94524e-08,-4.40517e-08,-0.381749,0.884733,-0.267424,-0.294022,0.883554,0.264398,-0.386558,-0.0641428,-0.271294,-0.383851,-0.882643,0.671692,0,0,0,1,-0.00295252,0.00222069,-0.00405415,-0.00282833,0.00301099,0.00644482,-9.56719e-08,2.94676e-08,-1.54499e-08
103413, 0.178451, 0.619185, 0.305074, -0.405761, 0.888862, 0.0726584, 0.200007, -0.28445, -0.0761038, 0.675076, 0.548584, 0.798364, -0.248313, 0.00325939
# 103413,-0.590711,-0.692267,-0.414521,0.178451,-0.750395,0.660158,-0.033143,0.619185,0.296593,0.291476,-0.909436,0.305074,0,0,0,1,-0.000534031,0.000755835,-0.00563249,-0.00289295,-0.000187947,-0.0098227,2.15037e-08,7.70223e-08,-2.51096e-08,-0.39809,0.874321,-0.277645,-0.28445,0.877559,0.274793,-0.392912,-0.0761038,-0.267236,-0.400064,-0.876661,0.675076,0,0,0,1,-0.00204341,0.00114914,-0.00294278,-0.00290807,0.00302631,0.00648906,-8.11222e-08,2.48468e-08,-6.85587e-09
105025, 0.21281, 0.612573, 0.297715, -0.394144, 0.893897, 0.0738601, 0.200359, -0.275699, -0.0783015, 0.67821, 0.542774, 0.80061, -0.253746, 0.00569621
# 105025,-0.609014,-0.675051,-0.416424,0.21281,-0.734245,0.678391,-0.0258943,0.612573,0.299978,0.289987,-0.908802,0.297715,0,0,0,1,0.00209586,0.000576219,-0.00528359,-0.00279068,-7.16113e-05,-0.0100998,3.5485e-08,9.52217e-08,-9.97937e-09,-0.410727,0.86621,-0.284575,-0.275699,0.871992,0.282018,-0.40012,-0.0783015,-0.266333,-0.412488,-0.871161,0.67821,0,0,0,1,-0.00126814,0.000732884,-0.00196437,-0.00294246,0.00305123,0.00649436,-7.33139e-08,2.10344e-08,2.02748e-09
106655, 0.245691, 0.606845, 0.291333, -0.383921, 0.898474, 0.0736099, 0.199824, -0.265528, -0.0781555, 0.684092, 0.536475, 0.803046, -0.259366, 0.00632293
# 106655,-0.62535,-0.660469,-0.415595,0.245691,-0.719305,0.694372,-0.0211604,0.606845,0.302553,0.285707,-0.909304,0.291333,0,0,0,1,0.00424693,0.000489994,-0.0048761,-0.00273055,3.81429e-05,-0.0103446,4.75563e-08,1.08944e-07,3.23123e-09,-0.424309,0.858349,-0.288442,-0.265528,0.864909,0.289847,-0.409782,-0.0781555,-0.268132,-0.42335,-0.865379,0.684092,0,0,0,1,-0.000526667,0.000629192,-0.000931916,-0.00294663,0.00309887,0.00650739,-6.83177e-08,1.75916e-08,1.21422e-08
108248, 0.277116, 0.599398, 0.28856, -0.374305, 0.902639, 0.0728623, 0.199572, -0.255621, -0.0797446, 0.689062, 0.530227, 0.80551, -0.264464, 0.0085209
# 108248,-0.640133,-0.646643,-0.414829,0.277116,-0.704808,0.709174,-0.017865,0.599398,0.305738,0.280938,-0.909724,0.28856,0,0,0,1,0.00605269,0.000258331,-0.00424768,-0.00268191,0.000127024,-0.0105678,5.61386e-08,1.20361e-07,1.66571e-08,-0.437574,0.849698,-0.294179,-0.255621,0.858712,0.297837,-0.417021,-0.0797446,-0.266725,-0.435093,-0.859972,0.689062,0,0,0,1,0.000137575,0.000472018,-8.60715e-05,-0.00297249,0.00312022,0.0065195,-6.31064e-08,1.45542e-08,2.03511e-08
109864, 0.295696, 0.620567, 0.279666, -0.386646, 0.893889, 0.082949, 0.211154, -0.267817, -0.0577805, 0.692367, 0.53814, 0.790861, -0.291235, 0.0112006
