1505.29, -0.228646, -0.0390316, 0.733325, 0.878336, 0.435209, -0.197424, 0.0119728, -0.0213209, 0.65426, 0.723967, -0.573142, 0.817431, 0.0497174, -0.0290256
# 1505.29,0.543233,0.759792,-0.35723,-0.228646,0.769247,-0.620899,-0.150809,-0.0390316,-0.336387,-0.192874,-0.921761,0.733325,0,0,0,1,-0.00275825,0.00492902,-0.0025827,-5.01553e-07,2.70168e-07,-3.86795e-09,-1.42843e-12,-1.66463e-11,1.63125e-12,-0.341332,-0.939895,-0.00953749,-0.0213209,-0.934122,0.338073,0.114553,0.65426,-0.104443,0.0480096,-0.993372,0.723967,0,0,0,1,0.0150317,0.0221226,-0.015609,-5.62285e-08,-2.83365e-08,-8.50381e-09,-3.2612e-11,-4.0781e-12,2.31422e-11
1911.05, -0.22967, -0.0371148, 0.732276, 0.878242, 0.435397, -0.197408, 0.0122809, -0.0153995, 0.66293, 0.717848, -0.57491, 0.816201, 0.0496624, -0.0287855
# 1911.05,0.54292,0.759919,-0.357437,-0.22967,0.769616,-0.620558,-0.15033,-0.0371148,-0.336049,-0.193472,-0.921759,0.732276,0,0,0,1,-0.00275526,0.00492336,-0.00258519,-1.44995e-06,6.65851e-07,-1.51116e-07,-4.39584e-12,-5.80678e-11,4.20248e-12,-0.337299,-0.941343,-0.0101134,-0.0153995,-0.935625,0.334023,0.114167,0.66293,-0.104092,0.0479708,-0.99341,0.717848,0,0,0,1,0.0150307,0.0221226,-0.0155862,-1.62143e-07,-1.23987e-07,-1.02274e-08,-1.12371e-10,-1.67696e-11,8.30804e-11
3132.26, -0.232987, -0.0311434, 0.729091, 0.877946, 0.435998, -0.197344, 0.0130924, 0.00292124, 0.68983, 0.698933, -0.580287, 0.812419, 0.0495403, -0.0280773
# 3132.26,0.541922,0.760398,-0.357932,-0.232987,0.770733,-0.619469,-0.149094,-0.0311434,-0.335099,-0.195072,-0.921768,0.729091,0,0,0,1,-0.00275131,0.00490332,-0.0025874,-2.37967e-06,8.9778e-07,-7.40215e-09,3.68551e-11,-1.81878e-10,3.56362e-11,-0.324958,-0.945654,-0.0118742,0.00292124,-0.94009,0.321626,0.113081,0.68983,-0.103116,0.0479093,-0.993515,0.698933,0,0,0,1,0.0150123,0.0221015,-0.0155004,-3.26517e-07,-3.14992e-07,-3.20423e-07,-5.85144e-10,-1.26153e-10,4.37472e-10
3549.44, -0.233927, -0.0293551, 0.72808, 0.877854, 0.436171, -0.197353, 0.0133714, 0.00848508, 0.697952, 0.693237, -0.582044, 0.811173, 0.0494793, -0.0278262
# 3549.44,0.541613,0.760511,-0.358159,-0.233927,0.771067,-0.619152,-0.148683,-0.0293551,-0.33483,-0.195636,-0.921746,0.72808,0,0,0,1,-0.00273551,0.00488192,-0.00258619,-3.82214e-06,1.40027e-06,3.27781e-08,8.46313e-11,-3.82941e-10,8.33159e-11,-0.320901,-0.947031,-0.0124544,0.00848508,-0.941524,0.317553,0.112665,0.697952,-0.102742,0.0478803,-0.993555,0.693237,0,0,0,1,0.0149677,0.0220325,-0.0154298,-5.11281e-07,-5.49161e-07,-8.49341e-07,-1.27561e-09,-2.99954e-10,9.53938e-10
4701.09, -0.237012, -0.0240616, 0.72521, 0.877575, 0.43674, -0.197287, 0.0140923, 0.0248971, 0.722007, 0.676474, -0.587079, 0.807569, 0.0493563, -0.0271216
# 4701.09,0.540672,0.760984,-0.358577,-0.237012,0.772105,-0.618119,-0.147592,-0.0240616,-0.333958,-0.19706,-0.921759,0.72521,0,0,0,1,-0.00272999,0.00482932,-0.00257372,-3.26818e-06,6.89347e-07,1.10122e-07,3.81339e-10,-6.74806e-10,1.90713e-10,-0.309207,-0.95089,-0.014147,0.0248971,-0.945535,0.305805,0.111562,0.722007,-0.101757,0.0478722,-0.993657,0.676474,0,0,0,1,0.0148597,0.0218727,-0.0152461,5.354e-08,-7.44208e-07,-2.04988e-06,-3.02702e-09,-7.76654e-10,2.32029e-09
5969.73, -0.241157, -0.0184331, 0.718944, 0.877287, 0.43732, -0.197222, 0.0149038, 0.0429471, 0.74571, 0.657658, -0.592493, 0.803644, 0.0491772, -0.0262741
# 5969.73,0.539709,0.761432,-0.359076,-0.241157,0.773189,-0.617058,-0.146349,-0.0184331,-0.333005,-0.198648,-0.921763,0.718944,0,0,0,1,-0.00494402,0.00501086,-0.009611,-4.00881e-06,1.03499e-06,-5.60958e-07,8.40077e-10,-1.4392e-09,5.06324e-10,-0.296523,-0.954891,-0.0160442,0.0429471,-0.949723,0.293067,0.110176,0.74571,-0.100504,0.0479074,-0.993783,0.657658,0,0,0,1,0.0167755,0.0181764,-0.0183813,6.01944e-07,-1.20834e-06,-4.66453e-06,-6.65554e-09,-1.81173e-09,5.11303e-09
7189.19, -0.247147, -0.012948, 0.703787, 0.87697, 0.437913, -0.197256, 0.0156842, 0.0614797, 0.761175, 0.636832, -0.59764, 0.799854, 0.0490613, -0.0255726
# 7189.19,0.538644,0.761886,-0.359712,-0.247147,0.774261,-0.615972,-0.145253,-0.012948,-0.332239,-0.200271,-0.921688,0.703787,0,0,0,1,-0.00663186,0.00523354,-0.0153541,-7.43791e-06,6.3015e-06,-1.58997e-06,9.80397e-10,-3.09189e-09,1.42321e-09,-0.284346,-0.958558,-0.0177333,0.0614797,-0.953539,0.28084,0.10905,0.761175,-0.0995506,0.0479174,-0.993878,0.636832,0,0,0,1,0.0184529,0.014607,-0.0210889,4.08655e-08,-3.23403e-06,-9.97626e-06,-1.27355e-08,-3.75781e-09,9.91106e-09
8423.87, -0.254582, -0.00803328, 0.682135, 0.876683, 0.438478, -0.19721, 0.0164779, 0.0803228, 0.769344, 0.614557, -0.602705, 0.796082, 0.048847, -0.0247752
# 8423.87,0.53769,0.762314,-0.360232,-0.254582,0.775312,-0.614931,-0.144053,-0.00803328,-0.331331,-0.201836,-0.921673,0.682135,0,0,0,1,-0.00787211,0.00521341,-0.0201435,-1.02846e-05,1.18452e-05,-3.43399e-06,1.7884e-09,-5.62247e-09,3.55882e-09,-0.272265,-0.962026,-0.0194346,0.0803228,-0.957185,0.26872,0.107637,0.769344,-0.0983268,0.0479082,-0.994001,0.614557,0,0,0,1,0.0195845,0.0103622,-0.0236824,-2.17668e-06,-9.91822e-06,-2.04961e-05,-2.18795e-08,-7.14708e-09,1.76266e-08
9631.46, -0.26317, -0.00976396, 0.695587, 0.87802, 0.441933, -0.18135, 0.029808, 0.0985646, 0.772145, 0.634065, -0.607586, 0.792482, 0.0476492, -0.023251
# 9631.46,0.543615,0.76524,-0.344805,-0.26317,0.786863,-0.607614,-0.107945,-0.00976396,-0.292112,-0.212633,-0.932447,0.695587,0,0,0,1,-0.00935548,0.00564686,-0.0239076,-0.000262211,-0.00138833,0.000320952,2.59772e-08,-4.65794e-09,4.65561e-08,-0.260597,-0.965219,-0.02105,0.0985646,-0.960787,0.257137,0.103776,0.772145,-0.0947539,0.0472683,-0.994378,0.634065,0,0,0,1,0.0232822,0.00619883,-0.0217911,-2.4028e-05,-8.41851e-05,-4.48895e-05,-2.67332e-08,-1.54479e-08,7.40812e-08
10871, -0.279247, -0.0179566, 0.698372, 0.877934, 0.445605, -0.170982, 0.0378646, 0.119986, 0.770627, 0.647879, -0.612558, 0.788768, 0.0462888, -0.0218192
# 10871,0.544403,0.769474,-0.333968,-0.279247,0.795371,-0.600005,-0.0858959,-0.0179566,-0.266477,-0.218866,-0.938663,0.698372,0,0,0,1,-0.0104796,0.0048551,-0.0242065,-0.000349772,-0.00229309,0.000628024,5.42163e-08,-3.97307e-09,7.72175e-08,-0.248594,-0.968352,-0.0222886,0.119986,-0.964312,0.24526,0.0997532,0.770627,-0.0911297,0.0462911,-0.994763,0.647879,0,0,0,1,0.0244345,0.00226459,-0.0203236,-5.75847e-05,-0.000152163,-7.02887e-05,-3.20948e-08,-2.29322e-08,1.21045e-07
12111.1, -0.287539, -0.0168708, 0.667305, 0.87772, 0.445916, -0.171115, 0.0385535, 0.135142, 0.76027, 0.629508, -0.617117, 0.785242, 0.04584, -0.021471
# 12111.1,0.543757,0.769585,-0.334765,-0.287539,0.795973,-0.599345,-0.0849272,-0.0168708,-0.265998,-0.220284,-0.938467,0.667305,0,0,0,1,-0.0106397,0.00483971,-0.0280721,-0.000345099,-0.00217879,0.000577965,5.58298e-08,-1.05934e-08,7.97586e-08,-0.237413,-0.97114,-0.0228574,0.135142,-0.967203,0.234132,0.0984911,0.76027,-0.090297,0.0454908,-0.994876,0.629508,0,0,0,1,0.0247129,-0.00121121,-0.0219281,-9.4113e-05,-0.000121474,-0.00010982,-4.76804e-08,-3.47147e-08,1.30709e-07
13404.7, -0.293183, -0.0152562, 0.632, 0.877363, 0.446321, -0.171827, 0.0388283, 0.148262, 0.742807, 0.610135, -0.621734, 0.781638, 0.0452266, -0.0210409
# 13404.7,0.542547,0.769827,-0.336168,-0.293183,0.796514,-0.59858,-0.0852466,-0.0152562,-0.266849,-0.221513,-0.937936,0.632,0,0,0,1,-0.0104006,0.00475259,-0.0315589,-0.000330442,-0.00201766,0.000537189,5.6291e-08,-1.86232e-08,8.68032e-08,-0.226008,-0.973846,-0.0233451,0.148262,-0.97004,0.222802,0.0968654,0.742807,-0.0891306,0.0445379,-0.995024,0.610135,0,0,0,1,0.0244394,-0.00524828,-0.0232635,-0.000135677,-0.000106895,-0.000163944,-6.54243e-08,-4.94089e-08,1.43306e-07
14585.8, -0.298648, -0.0155449, 0.599806, 0.877015, 0.44657, -0.173042, 0.0384363, 0.154517, 0.721096, 0.59487, -0.625641, 0.778584, 0.0443219, -0.0203687
# 14585.8,0.541264,0.769994,-0.33785,-0.298648,0.796599,-0.598196,-0.0871323,-0.0155449,-0.269192,-0.221969,-0.937158,0.599806,0,0,0,1,-0.0112313,0.00501369,-0.0381824,-0.000297227,-0.00183117,0.000493863,5.93846e-08,-2.5346e-08,9.75233e-08,-0.216316,-0.976035,-0.0237417,0.154517,-0.972424,0.213217,0.0945037,0.721096,-0.0871767,0.0435297,-0.995242,0.59487,0,0,0,1,0.0247158,-0.00929811,-0.0254133,-0.000179461,-0.000117417,-0.000232335,-8.28748e-08,-6.70164e-08,1.58847e-07
15928.6, -0.303564, -0.0143288, 0.563579, 0.87641, 0.447149, -0.174775, 0.0376377, 0.160662, 0.692838, 0.577667, -0.629899, 0.77524, 0.0431411, -0.0192079
# 15928.6,0.539023,0.770615,-0.340009,-0.303564,0.796928,-0.597283,-0.0903293,-0.0143288,-0.272691,-0.222273,-0.936074,0.563579,0,0,0,1,-0.0112264,0.00489463,-0.0406773,-0.00024779,-0.00160598,0.000453965,6.25236e-08,-3.19688e-08,1.15114e-07,-0.205717,-0.978303,-0.0245676,0.160662,-0.974989,0.202732,0.0910874,0.692838,-0.0841305,0.0426914,-0.99554,0.577667,0,0,0,1,0.0246506,-0.0138965,-0.0274694,-0.000219012,-0.000159382,-0.00032101,-9.99617e-08,-8.7544e-08,1.78016e-07
17346.9, -0.317201, -0.0199069, 0.54993, 0.873746, 0.454837, -0.165968, 0.0463178, 0.15316, 0.650548, 0.587504, -0.634166, 0.771891, 0.0420989, -0.0156701
# 17346.9,0.531155,0.77945,-0.332163,-0.317201,0.810199,-0.581955,-0.0700373,-0.0199069,-0.247895,-0.231917,-0.940618,0.54993,0,0,0,1,-0.0113689,0.00509957,-0.0412713,-0.000320057,-0.00208436,0.000913054,7.68872e-08,-3.60258e-08,1.45863e-07,-0.195175,-0.980334,-0.0292042,0.15316,-0.977695,0.192122,0.0848664,0.650548,-0.0775866,0.0451166,-0.995965,0.587504,0,0,0,1,0.022884,-0.0175401,-0.0265173,-0.000174308,-0.000309176,-0.00043,-1.17839e-07,-1.1599e-07,2.11298e-07
18756.1, -0.31832, -0.0163679, 0.516265, 0.872639, 0.456362, -0.167924, 0.0451287, 0.153601, 0.617974, 0.573541, -0.638049, 0.76882, 0.0402607, -0.0137061
# 18756.1,0.527071,0.781322,-0.334264,-0.31832,0.811634,-0.579395,-0.0745059,-0.0163679,-0.251884,-0.23203,-0.93953,0.516265,0,0,0,1,-0.0121849,0.00555184,-0.0462679,-0.000243608,-0.00183123,0.000910959,8.03226e-08,-4.32258e-08,1.74721e-07,-0.18541,-0.982194,-0.0303016,0.153601,-0.979987,0.182544,0.0793969,0.617974,-0.0724517,0.0444161,-0.996383,0.573541,0,0,0,1,0.023437,-0.0224259,-0.0293876,-0.000223223,-0.000409758,-0.000568329,-1.26769e-07,-1.41577e-07,2.34621e-07
20089.4, -0.317995, -0.0132077, 0.493208, 0.871484, 0.457952, -0.17003, 0.0434205, 0.150317, 0.587423, 0.563541, -0.641239, 0.766302, 0.0382721, -0.0113838
# 20089.4,0.52274,0.78343,-0.336125,-0.317995,0.812961,-0.576789,-0.0800504,-0.0132077,-0.256587,-0.231411,-0.938409,0.493208,0,0,0,1,-0.0116975,0.00558548,-0.0467017,-0.000148984,-0.00158812,0.000909758,8.58098e-08,-4.89028e-08,2.09653e-07,-0.177366,-0.983636,-0.0316363,0.150317,-0.981894,0.174696,0.0732554,0.587423,-0.0665299,0.0440566,-0.996812,0.563541,0,0,0,1,0.0222301,-0.0247636,-0.0293551,-0.000263917,-0.000531709,-0.000721149,-1.31602e-07,-1.6783e-07,2.58815e-07
21419.8, -0.317945, -0.0105928, 0.47469, 0.870282, 0.459685, -0.171955, 0.0415932, 0.144772, 0.559521, 0.556897, -0.644173, 0.763986, 0.0359652, -0.00850248
# 21419.8,0.518242,0.785808,-0.337538,-0.317945,0.814416,-0.573919,-0.0856943,-0.0105928,-0.261058,-0.230486,-0.937403,0.47469,0,0,0,1,-0.0118073,0.00544074,-0.0466923,-4.65586e-05,-0.00136584,0.000915556,9.34208e-08,-5.38176e-08,2.48813e-07,-0.169937,-0.984891,-0.0333441,0.144772,-0.983668,0.167494,0.065908,0.559521,-0.0593272,0.0439997,-0.997269,0.556897,0,0,0,1,0.0207431,-0.0272463,-0.0293832,-0.000300651,-0.00068293,-0.000897735,-1.31066e-07,-1.95891e-07,2.85129e-07
22736, -0.327471, -0.0974383, 0.524932, 0.87795, 0.450809, -0.154329, 0.0464552, 0.102433, 0.579443, 0.648923, -0.643212, 0.765123, 0.0292936, 0.00259835
# 22736,0.545908,0.777236,-0.312872,-0.327471,0.805914,-0.589226,-0.0575754,-0.0974383,-0.229102,-0.220717,-0.948049,0.524932,0,0,0,1,-0.0125972,-0.000296054,-0.0448476,-1.00702e-05,-0.00289423,0.000114756,1.749e-07,-8.56991e-08,3.33039e-07,-0.172543,-0.984121,-0.0416602,0.102433,-0.984425,0.17084,0.0414839,0.579443,-0.0337079,0.048169,-0.998271,0.648923,0,0,0,1,0.0183376,-0.0265026,-0.0232006,-0.000252078,-0.0013672,-0.00140767,-9.09643e-08,-2.60833e-07,3.8191e-07
24052.3, -0.320049, -0.0886428, 0.567261, 0.870365, 0.470319, -0.124179, 0.0764507, 0.0981864, 0.543734, 0.694946, -0.653665, 0.756098, 0.0321232, -0.00229377
# 24052.3,0.526759,0.799711,-0.288075,-0.320049,0.837686,-0.54591,0.0162723,-0.0886428,-0.14425,-0.249888,-0.95747,0.567261,0,0,0,1,-0.0110268,0.00244171,-0.0424275,-0.000519239,-0.00487511,0.00152746,1.85884e-07,-8.53004e-08,3.99752e-07,-0.145433,-0.988618,-0.038527,0.0981864,-0.988323,0.14338,0.0515753,0.543734,-0.0454642,0.0455778,-0.997926,0.694946,0,0,0,1,0.018283,-0.027522,-0.0215273,-0.000316509,-0.000984243,-0.00097918,-7.0662e-08,-2.92369e-07,4.30643e-07
25318.7, -0.333926, -0.136837, 0.583638, 0.872774, 0.468391, -0.110234, 0.0819962, 0.0736298, 0.541412, 0.739246, -0.655192, 0.755037, 0.0252298, 0.00268607
# 25318.7,0.536917,0.799522,-0.269232,-0.333926,0.835677,-0.547773,0.0398629,-0.136837,-0.115607,-0.246394,-0.96225,0.583638,0,0,0,1,-0.0112622,-0.000728163,-0.0394938,-0.000493517,-0.00579548,0.00130855,2.36779e-07,-1.01967e-07,4.6022e-07,-0.141434,-0.989252,-0.0371168,0.0736298,-0.989523,0.140175,0.034579,0.541412,-0.0290045,0.0416186,-0.998713,0.739246,0,0,0,1,0.0159782,-0.0269848,-0.0171942,-0.000501397,-0.00138214,-0.00123722,-4.93421e-08,-3.38277e-07,4.93263e-07
26647.8, -0.336957, -0.116898, 0.550513, 0.869941, 0.473344, -0.112268, 0.0808919, 0.0838124, 0.51762, 0.714543, -0.658947, 0.751829, 0.0229823, 0.00376522
# 26647.8,0.526683,0.805399,-0.271913,-0.336957,0.841726,-0.538804,0.0344594,-0.116898,-0.118754,-0.247026,-0.961705,0.550513,0,0,0,1,-0.0125878,0.00250647,-0.0450478,-0.00034345,-0.00533615,0.00152661,2.26098e-07,-9.77302e-08,4.80817e-07,-0.13155,-0.990658,-0.0359498,0.0838124,-0.991004,0.130522,0.0295954,0.51762,-0.0246266,0.0395197,-0.998916,0.714543,0,0,0,1,0.0184695,-0.0293515,-0.0213258,-0.000596284,-0.0014134,-0.00131416,-4.19174e-08,-3.50281e-07,4.93585e-07
27862.9, -0.336724, -0.0945716, 0.522613, 0.866749, 0.478686, -0.115538, 0.0791014, 0.0923652, 0.496942, 0.690748, -0.662153, 0.749055, 0.0210947, 0.00493199
# 27862.9,0.515021,0.811523,-0.276015,-0.336724,0.84808,-0.529205,0.0265089,-0.0945716,-0.124556,-0.247735,-0.960788,0.522613,0,0,0,1,-0.0125863,0.00436797,-0.0466912,-0.000200667,-0.00484117,0.00175698,2.1583e-07,-9.52247e-08,5.05361e-07,-0.123058,-0.991771,-0.0353245,0.0923652,-0.992187,0.122216,0.0250707,0.496942,-0.0205471,0.0381336,-0.999062,0.690748,0,0,0,1,0.019015,-0.0313692,-0.024581,-0.000665015,-0.00144371,-0.0013974,-3.29342e-08,-3.64327e-07,4.96215e-07
29136, -0.343086, -0.154275, 0.53679, 0.868942, 0.47592, -0.103736, 0.0876281, 0.0489293, 0.501147, 0.726717, -0.663008, 0.74831, 0.0191097, 0.00933935
# 29136,0.525478,0.808913,-0.26369,-0.343086,0.845274,-0.531643,0.0535472,-0.154275,-0.0968738,-0.251028,-0.96312,0.53679,0,0,0,1,-0.011462,-0.0007942,-0.0424288,-0.000395408,-0.00566171,0.001518,2.77241e-07,-1.30767e-07,5.83054e-07,-0.120665,-0.991915,-0.0393172,0.0489293,-0.992628,0.120109,0.0162158,0.501147,-0.0113623,0.040984,-0.999096,0.726717,0,0,0,1,0.0141687,-0.0292797,-0.019532,-0.000634663,-0.00162224,-0.00167161,5.57101e-10,-4.3823e-07,5.67747e-07
30416.1, -0.33154, -0.128339, 0.542247, 0.858741, 0.493426, -0.0809787, 0.111967, 0.05419, 0.483585, 0.728153, -0.669749, 0.741927, 0.0301801, 0.00838325
# 30416.1,0.499947,0.829316,-0.249575,-0.33154,0.865584,-0.487989,0.112388,-0.128339,-0.0285845,-0.272216,-0.961812,0.542247,0,0,0,1,-0.00950005,0.00502786,-0.0452275,-0.000773283,-0.00694692,0.00285932,2.57274e-07,-1.31204e-07,6.00265e-07,-0.102733,-0.993303,-0.0528656,0.05419,-0.994315,0.101052,0.0335535,0.483585,-0.0279866,0.0560121,-0.998038,0.728153,0,0,0,1,0.0161828,-0.0296767,-0.0241955,-0.00017637,-0.00118037,-0.00149388,3.10131e-08,-4.43563e-07,5.56455e-07
31715.2, -0.330203, -0.102112, 0.511077, 0.854838, 0.500093, -0.0829906, 0.110782, 0.0681956, 0.466256, 0.698136, -0.673137, 0.738884, 0.0290881, 0.00952565
# 31715.2,0.48604,0.836608,-0.252689,-0.330203,0.873384,-0.475269,0.106395,-0.102112,-0.0310846,-0.272407,-0.96168,0.511077,0,0,0,1,-0.00953042,0.0087596,-0.0500791,-0.000603776,-0.00648777,0.00311273,2.47545e-07,-1.28619e-07,6.2643e-07,-0.0935924,-0.994186,-0.0532373,0.0681956,-0.995295,0.0920813,0.0301614,0.466256,-0.0250839,0.0558096,-0.998127,0.698136,0,0,0,1,0.0198478,-0.0303744,-0.0272669,-0.000218726,-0.00119475,-0.0015663,4.51774e-08,-4.55815e-07,5.58935e-07
33016.2, -0.330061, -0.0740001, 0.481528, 0.850935, 0.506646, -0.0856932, 0.108976, 0.0821916, 0.449938, 0.66623, -0.676641, 0.735677, 0.0286998, 0.0106294
# 33016.2,0.471933,0.843569,-0.256263,-0.330061,0.880923,-0.462868,0.0986307,-0.0740001,-0.0354142,-0.272295,-0.961562,0.481528,0,0,0,1,-0.00869342,0.01072,-0.0507693,-0.000430118,-0.00600771,0.00333595,2.40941e-07,-1.25335e-07,6.58229e-07,-0.0840883,-0.994968,-0.0544786,0.0821916,-0.996188,0.0826666,0.0278429,0.449938,-0.0231992,0.0566122,-0.998127,0.66623,0,0,0,1,0.0214247,-0.0315991,-0.0304295,-0.000230283,-0.00118351,-0.00163309,6.20295e-08,-4.71771e-07,5.64593e-07
34257.3, -0.328507, -0.0488262, 0.4594, 0.846962, 0.513101, -0.0890524, 0.107015, 0.0931, 0.43796, 0.638305, -0.680019, 0.732525, 0.0291804, 0.0113799
# 34257.3,0.457595,0.850094,-0.260667,-0.328507,0.888214,-0.450551,0.0898894,-0.0488262,-0.0410293,-0.272661,-0.961235,0.4594,0,0,0,1,-0.00859694,0.0120373,-0.0511114,-0.000280249,-0.00553986,0.00354978,2.38399e-07,-1.23637e-07,6.94801e-07,-0.0748893,-0.995598,-0.0563586,0.0931,-0.996926,0.073445,0.0272736,0.43796,-0.0230142,0.0582279,-0.998038,0.638305,0,0,0,1,0.0218018,-0.0315335,-0.0319523,-0.000214006,-0.00114356,-0.00168551,8.12016e-08,-4.90927e-07,5.74617e-07
35481.9, -0.325176, -0.0269006, 0.440122, 0.842834, 0.519545, -0.0924624, 0.105616, 0.101875, 0.42834, 0.614144, -0.683429, 0.729282, 0.0305339, 0.0118603
# 35481.9,0.443048,0.856249,-0.265605,-0.325176,0.895311,-0.437837,0.0819566,-0.0269006,-0.0461167,-0.27411,-0.960592,0.440122,0,0,0,1,-0.00890807,0.0138143,-0.0529162,-0.000170381,-0.00511233,0.00375541,2.38986e-07,-1.24628e-07,7.34646e-07,-0.0655694,-0.9961,-0.0590345,0.101875,-0.997549,0.0639858,0.0283243,0.42834,-0.0244365,0.060747,-0.997854,0.614144,0,0,0,1,0.0218863,-0.0311772,-0.0330048,-0.00016982,-0.00107469,-0.00172413,1.02323e-07,-5.12832e-07,5.89191e-07
36671.4, -0.325125, -0.0124566, 0.474138, 0.83503, 0.532437, -0.0746663, 0.116879, 0.102986, 0.414941, 0.618128, -0.684314, 0.72836, 0.0316952, 0.0141606
# 36671.4,0.421871,0.871748,-0.249159,-0.325125,0.906656,-0.4057,0.115685,-0.0124566,-0.000235636,-0.274705,-0.961528,0.474138,0,0,0,1,-0.00941192,0.0158739,-0.0518949,-0.000212681,-0.00586364,0.00448029,2.40472e-07,-1.24835e-07,7.96052e-07,-0.063027,-0.995957,-0.064007,0.102986,-0.997753,0.0614186,0.0267904,0.414941,-0.0227509,0.0655516,-0.99759,0.618128,0,0,0,1,0.0223341,-0.0324687,-0.0331122,-7.36452e-05,-0.00106962,-0.00192202,1.19276e-07,-5.38738e-07,6.26693e-07
37953.3, -0.323676, 0.00353652, 0.454699, 0.831523, 0.53807, -0.0764268, 0.114931, 0.106472, 0.404473, 0.595615, -0.68777, 0.725065, 0.0323208, 0.0144496
# 37953.3,0.409279,0.877268,-0.250783,-0.323676,0.912403,-0.394543,0.108889,0.00353652,-0.00341976,-0.273381,-0.9619,0.454699,0,0,0,1,-0.00969932,0.0159266,-0.0518627,-6.61308e-05,-0.00550155,0.0045951,2.45757e-07,-1.29011e-07,8.37279e-07,-0.0535284,-0.996422,-0.0654123,0.106472,-0.99829,0.0518564,0.0269934,0.404473,-0.0235047,0.0667453,-0.997493,0.595615,0,0,0,1,0.0230304,-0.0328198,-0.0350314,-6.95605e-05,-0.00101642,-0.00196143,1.43071e-07,-5.63881e-07,6.45355e-07
39198.3, -0.343216, -0.15083, 0.423241, 0.850394, 0.506316, -0.066475, 0.126709, 0.0277295, 0.460186, 0.636729, -0.692997, 0.719778, 0.0391143, 0.0120577
# 39198.3,0.47845,0.84429,-0.241369,-0.343216,0.877982,-0.455178,0.14819,-0.15083,0.0152493,-0.282819,-0.959052,0.423241,0,0,0,1,-0.00869767,0.00410393,-0.0516732,-0.000720132,-0.00632307,0.00279545,3.60014e-07,-1.94878e-07,8.79331e-07,-0.039221,-0.996664,-0.0715698,0.0277295,-0.998551,0.0364516,0.0395954,0.460186,-0.0368544,0.0730191,-0.99665,0.636729,0,0,0,1,0.0166711,-0.0250452,-0.0304813,8.7194e-05,-0.000737485,-0.00188567,2.29585e-07,-6.63046e-07,7.18003e-07
40570.4, -0.321242, -0.161149, 0.426409, 0.846365, 0.508322, -0.0679958, 0.143707, 0.0562627, 0.510925, 0.680658, -0.697131, 0.714213, 0.0615967, 0.0106549
# 40570.4,0.473971,0.840908,-0.261197,-0.321242,0.879994,-0.441915,0.17413,-0.161149,0.0310004,-0.312385,-0.94945,0.426409,0,0,0,1,-0.00858725,0.00519362,-0.0512003,-0.00135157,-0.00636891,0.00300656,3.77188e-07,-2.09758e-07,9.60759e-07,-0.0277901,-0.994488,-0.101102,0.0562627,-0.997113,0.0204285,0.0731307,0.510925,-0.0706622,0.102842,-0.992185,0.680658,0,0,0,1,0.0172494,-0.0203444,-0.0269884,0.00088111,-8.18355e-05,-0.00188071,3.03641e-07,-6.8985e-07,7.9131e-07
41890.5, -0.314449, -0.160855, 0.421384, 0.843925, 0.506683, -0.0643805, 0.164068, 0.075002, 0.52987, 0.70243, 0.71089, -0.699368, -0.0738796, 0.00793592
# 41890.5,0.478254,0.83408,-0.274926,-0.314449,0.876331,-0.432707,0.211681,-0.160855,0.0575965,-0.342163,-0.937874,0.421384,0,0,0,1,-0.00866553,0.00565738,-0.0479386,-0.00200809,-0.00672361,0.00306352,3.91546e-07,-2.11521e-07,1.03345e-06,0.0108537,-0.995519,-0.0939402,0.075002,-0.993174,-0.0216444,0.114621,0.52987,-0.116141,0.0920548,-0.988958,0.70243,0,0,0,1,0.0197729,-0.0179924,-0.0258546,0.000838051,0.000904058,-0.0012523,3.54419e-07,-7.16591e-07,8.50874e-07
43168.3, -0.309289, -0.128239, 0.49041, 0.847386, 0.509639, -0.0320678, 0.145521, 0.0672977, 0.545081, 0.69993, 0.709591, -0.703644, -0.0367149, -0.00427641
# 43168.3,0.47848,0.854389,-0.202674,-0.309289,0.873055,-0.438184,0.213939,-0.128239,0.0939783,-0.279311,-0.955591,0.49041,0,0,0,1,-0.00764014,0.0093182,-0.0440632,-0.000612605,-0.00742907,0.00281005,3.79261e-07,-2.15739e-07,1.10317e-06,0.00707469,-0.998285,-0.0581232,0.0672977,-0.998912,-0.00973438,0.0455994,0.545081,-0.0460869,0.0577374,-0.997268,0.69993,0,0,0,1,0.0204412,-0.0181736,-0.0264828,-0.000186143,-0.000405832,-0.00167448,3.55487e-07,-7.28009e-07,8.87949e-07
44400.7, -0.318578, -0.14319, 0.487918, 0.848144, 0.507579, -0.0234922, 0.14988, 0.0663851, 0.567513, 0.699356, 0.716002, -0.697041, -0.0383923, -1.33067e-05
# 44400.7,0.483624,0.853957,-0.192001,-0.318578,0.868041,-0.4398,0.230391,-0.14319,0.112302,-0.278088,-0.953968,0.487918,0,0,0,1,-0.0085649,0.00760695,-0.0428521,-0.000604263,-0.00766296,0.00266125,4.05391e-07,-2.24664e-07,1.16421e-06,0.0253187,-0.998166,-0.0549965,0.0663851,-0.998168,-0.0282669,0.053503,0.567513,-0.0549594,0.0535411,-0.997052,0.699356,0,0,0,1,0.0194741,-0.0154952,-0.0247734,-0.000237923,-0.000200504,-0.00151886,4.0403e-07,-7.65926e-07,9.25861e-07
45780.2, -0.331885, -0.113598, 0.46414, 0.846816, 0.510863, -0.0284655, 0.145299, 0.0841866, 0.557862, 0.666262, 0.720284, -0.692635, -0.0380485, 7.13194e-06
# 45780.2,0.476417,0.856942,-0.196665,-0.331885,0.873486,-0.435814,0.216998,-0.113598,0.100245,-0.275166,-0.956156,0.46414,0,0,0,1,-0.0127218,0.0106177,-0.0458145,-0.000444173,-0.00711277,0.00263334,3.99632e-07,-2.13299e-07,1.18981e-06,0.0376189,-0.997789,-0.0548017,0.0841866,-0.997787,-0.0405146,0.0527178,0.557862,-0.0548214,0.0526972,-0.997105,0.666262,0,0,0,1,0.0224938,-0.017174,-0.0289388,-0.000268159,-0.000179535,-0.00152053,4.13047e-07,-7.76585e-07,9.26824e-07
47032, -0.344394, -0.0859144, 0.44793, 0.844796, 0.51491, -0.0357159, 0.141108, 0.098744, 0.547651, 0.636242, 0.724369, -0.68834, -0.0384303, 0.000398777
# 47032,0.467184,0.859908,-0.205661,-0.344394,0.880068,-0.429913,0.201634,-0.0859144,0.0849703,-0.275196,-0.957626,0.44793,0,0,0,1,-0.0150767,0.0118874,-0.0458006,-0.000343296,-0.00652868,0.00266025,3.95709e-07,-2.03912e-07,1.22062e-06,0.0494217,-0.997256,-0.0551265,0.098744,-0.997194,-0.0523755,0.053484,0.547651,-0.0562245,0.0523285,-0.997046,0.636242,0,0,0,1,0.0232644,-0.0188963,-0.0317487,-0.000280065,-0.000134515,-0.00150914,4.2199e-07,-7.90458e-07,9.31371e-07
48496.1, -0.361236, -0.0573373, 0.426328, 0.841686, 0.520012, -0.0438095, 0.138685, 0.11529, 0.533008, 0.602259, 0.729119, -0.683245, -0.0395125, 0.000885299
# 48496.1,0.455337,0.863222,-0.217984,-0.361236,0.887525,-0.420708,0.187896,-0.0573373,0.0704882,-0.279022,-0.957694,0.426328,0,0,0,1,-0.0192934,0.0131138,-0.0470116,-0.000308581,-0.00593228,0.0027436,3.9346e-07,-1.96004e-07,1.25772e-06,0.0632295,-0.996404,-0.0564088,0.11529,-0.996264,-0.0663507,0.0552844,0.533008,-0.0588283,0.0527024,-0.996876,0.602259,0,0,0,1,0.0237406,-0.0200342,-0.0334023,-0.000271779,-6.71869e-05,-0.00149082,4.328e-07,-8.09e-07,9.41185e-07
49808.5, -0.365594, -0.14774, 0.432439, 0.846865, 0.510498, -0.0283731, 0.146311, 0.0643689, 0.55782, 0.580561, 0.733975, -0.676441, -0.0608832, 0.00144445
# 49808.5,0.477174,0.856343,-0.197439,-0.365594,0.872948,-0.43597,0.218842,-0.14774,0.101326,-0.27678,-0.955576,0.432439,0,0,0,1,-0.017807,0.00527668,-0.0467003,-0.000331105,-0.00649664,0.00233992,4.36022e-07,-2.45871e-07,1.33455e-06,0.0774416,-0.993157,-0.0874193,0.0643689,-0.992805,-0.0848512,0.0844882,0.55782,-0.0913276,0.0802474,-0.992583,0.580561,0,0,0,1,0.0200052,-0.015067,-0.0347325,0.000351483,0.000411618,-0.00141093,5.04572e-07,-8.96312e-07,9.70233e-07
51088.8, -0.372844, -0.11998, 0.420376, 0.84453, 0.514748, -0.0427556, 0.141332, 0.0801841, 0.55349, 0.557387, 0.736965, -0.672673, -0.0662815, 0.000677446
# 51088.8,0.466412,0.857356,-0.217717,-0.372844,0.881527,-0.430119,0.194701,-0.11998,0.0732837,-0.282734,-0.956395,0.420376,0,0,0,1,-0.0197072,0.00662969,-0.0461655,-0.000336622,-0.00569437,0.0023739,4.23953e-07,-2.41657e-07,1.36751e-06,0.0862354,-0.991563,-0.0967829,0.0801841,-0.991383,-0.0950213,0.09017,0.55349,-0.0986057,0.088173,-0.991213,0.557387,0,0,0,1,0.021123,-0.0158767,-0.0364209,0.000507375,0.000514946,-0.00145055,5.17151e-07,-9.08563e-07,9.82699e-07
52275.8, -0.376983, -0.0943383, 0.414172, 0.841238, 0.519455, -0.057999, 0.138279, 0.0937859, 0.5481, 0.539198, 0.739892, -0.668904, -0.0715982, 0.000432119
# 52275.8,0.453605,0.857931,-0.241242,-0.376983,0.890011,-0.42209,0.172396,-0.0943383,0.0460779,-0.292907,-0.95503,0.414172,0,0,0,1,-0.0219384,0.00715183,-0.0453654,-0.000419408,-0.00493719,0.0024566,4.12586e-07,-2.39966e-07,1.40406e-06,0.0948812,-0.989896,-0.105372,0.0937859,-0.989772,-0.105134,0.0964241,0.5481,-0.106528,0.0951452,-0.989747,0.539198,0,0,0,1,0.0219248,-0.0162531,-0.0375209,0.00064545,0.00062386,-0.00147117,5.2854e-07,-9.22665e-07,9.98859e-07
53552.8, -0.386204, -0.0707639, 0.405183, 0.837278, 0.524215, -0.0727922, 0.137352, 0.107326, 0.540224, 0.519592, 0.743254, -0.664615, -0.0765534, 0.000492319
# 53552.8,0.439799,0.857832,-0.265898,-0.386204,0.897824,-0.412665,0.153685,-0.0707639,0.0221091,-0.306321,-0.951672,0.405183,0,0,0,1,-0.0266144,0.00821164,-0.0470869,-0.000555258,-0.00424802,0.00256418,4.03774e-07,-2.38761e-07,1.44401e-06,0.104852,-0.988031,-0.113143,0.107326,-0.98788,-0.116573,0.102489,0.540224,-0.114452,0.101025,-0.988279,0.519592,0,0,0,1,0.0224383,-0.0173029,-0.0391607,0.000759871,0.00073449,-0.00148181,5.40385e-07,-9.39943e-07,1.0192e-06
54771.5, -0.394646, -0.0500056, 0.401789, 0.832828, 0.528784, -0.087345, 0.138405, 0.118488, 0.531279, 0.50392, 0.746427, -0.660514, -0.0810458, 0.000820673
# 54771.5,0.425517,0.856594,-0.29186,-0.394646,0.90495,-0.402463,0.138162,-0.0500056,0.000886332,-0.322909,-0.94643,0.401789,0,0,0,1,-0.0282992,0.00853512,-0.0457976,-0.000748185,-0.00363835,0.0026859,3.96086e-07,-2.38959e-07,1.48766e-06,0.114307,-0.986183,-0.119905,0.118488,-0.985917,-0.127443,0.108289,0.531279,-0.122074,0.105839,-0.986862,0.50392,0,0,0,1,0.0245411,-0.0173666,-0.0405112,0.000852445,0.000838585,-0.0014934,5.51853e-07,-9.59268e-07,1.04289e-06
56000.2, -0.409251, -0.0435743, 0.446864, 0.826018, 0.545035, -0.0364791, 0.138922, 0.120413, 0.521728, 0.520939, 0.734845, -0.674274, -0.0728659, -0.00701496
# 56000.2,0.403211,0.890283,-0.2117,-0.409251,0.910554,-0.367274,0.189739,-0.0435743,0.0911701,-0.269269,-0.95874,0.446864,0,0,0,1,-0.0280773,0.00953689,-0.0437649,0.000129521,-0.00502651,0.0033588,3.50886e-07,-2.45899e-07,1.55659e-06,0.0800915,-0.98995,-0.11655,0.120413,-0.991995,-0.0906123,0.0879533,0.521728,-0.0976303,0.108573,-0.989283,0.520939,0,0,0,1,0.0246089,-0.0202597,-0.039208,0.000725108,0.000484283,-0.00229647,5.55142e-07,-9.7576e-07,1.0978e-06
57194.7, -0.418639, -0.0315754, 0.445061, 0.822059, 0.550356, -0.0452663, 0.138846, 0.122702, 0.509481, 0.509312, 0.736836, -0.672402, -0.0700239, -0.0066533
# 57194.7,0.390118,0.89228,-0.227253,-0.418639,0.917421,-0.355659,0.178455,-0.0315754,0.0784069,-0.278105,-0.957345,0.445061,0,0,0,1,-0.0288889,0.00965326,-0.0429476,6.40011e-05,-0.00458285,0.00347331,3.49463e-07,-2.51399e-07,1.60041e-06,0.0859436,-0.989969,-0.11214,0.122702,-0.991833,-0.095662,0.0843636,0.509481,-0.0942449,0.103973,-0.990105,0.509312,0,0,0,1,0.0244969,-0.0208831,-0.0390714,0.000608283,0.000449274,-0.00236719,5.68713e-07,-9.9902e-07,1.12479e-06
58414.8, -0.430146, -0.0216289, 0.442558, 0.818191, 0.555226, -0.052509, 0.139755, 0.125336, 0.498256, 0.499048, 0.738684, -0.670658, -0.0672325, -0.00661269
# 58414.8,0.377935,0.893884,-0.241116,-0.430146,0.923237,-0.344386,0.170384,-0.0216289,0.0692664,-0.287001,-0.955423,0.442558,0,0,0,1,-0.0303328,0.00944572,-0.0429562,-8.50191e-06,-0.00421824,0.00357474,3.48979e-07,-2.57893e-07,1.64605e-06,0.0913956,-0.98992,-0.108197,0.125336,-0.991698,-0.100349,0.0804107,0.498256,-0.0904575,0.0999494,-0.990872,0.499048,0,0,0,1,0.0242799,-0.0213422,-0.0384832,0.000502062,0.000408362,-0.00244834,5.85486e-07,-1.02344e-06,1.15453e-06
59635.5, -0.440979, -0.0140685, 0.441832, 0.814631, 0.559428, -0.0583165, 0.141477, 0.126582, 0.489004, 0.493049, 0.740084, -0.669373, -0.0645463, -0.00699186
# 59635.5,0.367279,0.894954,-0.253305,-0.440979,0.927956,-0.334049,0.165256,-0.0140685,0.0632798,-0.295751,-0.953167,0.441832,0,0,0,1,-0.0323779,0.00973929,-0.0437177,-8.74329e-05,-0.00392816,0.00365856,3.48712e-07,-2.65733e-07,1.69262e-06,0.0955475,-0.989882,-0.1049,0.126582,-0.991687,-0.103782,0.076062,0.489004,-0.0861791,0.0967602,-0.99157,0.493049,0,0,0,1,0.0250054,-0.0224681,-0.0390974,0.000410867,0.000361537,-0.00254608,6.04565e-07,-1.04875e-06,1.18643e-06
60904.7, -0.451888, -0.00822611, 0.442717, 0.811398, 0.56296, -0.0627241, 0.144135, 0.127753, 0.480825, 0.488584, 0.741235, -0.668352, -0.0617864, -0.00770585
# 60904.7,0.358284,0.895488,-0.264072,-0.451888,0.93165,-0.324603,0.163279,-0.00822611,0.0604956,-0.304524,-0.950582,0.442717,0,0,0,1,-0.0327184,0.00933187,-0.0422748,-0.000174268,-0.00370322,0.0037237,3.48201e-07,-2.74833e-07,1.74154e-06,0.0989769,-0.989859,-0.101897,0.127753,-0.991763,-0.106494,0.0711665,0.480825,-0.0812961,0.0940138,-0.992246,0.488584,0,0,0,1,0.0256831,-0.0233889,-0.0395216,0.000326158,0.000307172,-0.00265806,6.25931e-07,-1.07516e-06,1.22017e-06
62105.9, -0.455264, -0.1728, 0.420813, 0.846477, 0.50829, -0.064084, 0.144951, 0.0172431, 0.527506, 0.487559, 0.744167, -0.663744, -0.0747696, -0.00826982
# 62105.9,0.47507,0.841933,-0.255846,-0.455264,0.879089,-0.441262,0.18025,-0.1728,0.0388631,-0.310542,-0.949765,0.420813,0,0,0,1,-0.0294116,-0.00139667,-0.0431829,-0.00051999,-0.0039199,0.00149539,4.39188e-07,-3.74661e-07,1.79781e-06,0.107706,-0.986637,-0.12226,0.0172431,-0.98911,-0.118751,0.0869475,0.527506,-0.100304,0.111564,-0.988683,0.487559,0,0,0,1,0.0161548,-0.0161401,-0.0385908,0.000622123,0.000529063,-0.0026477,7.30653e-07,-1.18109e-06,1.241e-06
63419.8, -0.429221, -0.174683, 0.416407, 0.85177, 0.495298, -0.0806007, 0.150568, 0.0325196, 0.590772, 0.490855, 0.738365, -0.667662, -0.0945463, -0.0102643
# 63419.8,0.496367,0.819489,-0.286459,-0.429221,0.868032,-0.464018,0.176656,-0.174683,0.0118456,-0.336341,-0.941666,0.416407,0,0,0,1,-0.0279934,-0.00129074,-0.0427849,-0.000966714,-0.00349997,0.00101283,4.2961e-07,-4.16461e-07,1.85016e-06,0.0905759,-0.984016,-0.153325,0.0325196,-0.987898,-0.108243,0.111092,0.590772,-0.125913,0.141408,-0.981912,0.490855,0,0,0,1,0.0160091,-0.0104845,-0.0378437,0.00111361,0.000842886,-0.00303085,8.01282e-07,-1.1993e-06,1.26911e-06
64725.4, -0.4247, -0.164719, 0.407477, 0.85476, 0.484792, -0.0977678, 0.157492, 0.0521617, 0.619249, 0.489522, 0.744674, -0.657995, -0.111821, -0.000600252
# 64725.4,0.510836,0.797967,-0.319838,-0.4247,0.859557,-0.480345,0.174441,-0.164719,-0.0144344,-0.364029,-0.931276,0.407477,0,0,0,1,-0.0294535,6.34292e-07,-0.0426932,-0.00142169,-0.00308797,0.000653562,4.1961e-07,-4.37304e-07,1.89704e-06,0.109079,-0.979848,-0.16733,0.0521617,-0.980117,-0.134086,0.146261,0.619249,-0.16575,0.148049,-0.974992,0.489522,0,0,0,1,0.0186356,-0.00778013,-0.0388368,0.00133153,0.00137827,-0.00283796,8.49583e-07,-1.21228e-06,1.29879e-06
65990.9, -0.444743, -0.146103, 0.394284, 0.852477, 0.48581, -0.118718, 0.152242, 0.0675572, 0.612754, 0.468502, 0.747746, -0.652944, -0.120343, 0.00757901
# 65990.9,0.499789,0.792136,-0.35033,-0.444743,0.864432,-0.481621,0.144217,-0.146103,-0.0544872,-0.374915,-0.925457,0.394284,0,0,0,1,-0.0319145,0.00115664,-0.0420325,-0.00156009,-0.00235088,0.000638948,4.13317e-07,-4.34777e-07,1.92233e-06,0.118363,-0.978297,-0.170075,0.0675572,-0.974649,-0.147213,0.168489,0.612754,-0.18987,0.14582,-0.97092,0.468502,0,0,0,1,0.0200784,-0.00920371,-0.0410828,0.00135641,0.0017126,-0.00280503,8.57036e-07,-1.22203e-06,1.31435e-06
67386.6, -0.467389, -0.126756, 0.380645, 0.84847, 0.487439, -0.141344, 0.150081, 0.0855469, 0.60236, 0.44459, 0.751294, -0.647349, -0.127388, 0.0164228
# 67386.6,0.48485,0.784729,-0.386163,-0.467389,0.869581,-0.479757,0.116885,-0.126756,-0.0935417,-0.392471,-0.914995,0.380645,0,0,0,1,-0.0349206,0.0021846,-0.0414618,-0.00178904,-0.00163249,0.000672887,4.05969e-07,-4.33645e-07,1.95572e-06,0.129424,-0.976882,-0.170149,0.0855469,-0.968514,-0.16134,0.189606,0.60236,-0.212674,0.140252,-0.967005,0.44459,0,0,0,1,0.0211376,-0.00977806,-0.0415561,0.00133132,0.00202334,-0.00276608,8.6404e-07,-1.23494e-06,1.33646e-06
68554.1, -0.472549, -0.0929863, 0.384652, 0.851126, 0.503951, -0.0590874, 0.134636, 0.0847968, 0.610884, 0.406724, 0.751878, -0.643794, -0.140453, 0.021944
# 68554.1,0.485085,0.84194,-0.236282,-0.472549,0.873762,-0.455814,0.16963,-0.0929863,0.0351182,-0.288739,-0.956764,0.384652,0,0,0,1,-0.0350092,0.00615429,-0.0473789,-0.000112624,-0.00319681,0.00102479,3.0594e-07,-4.65479e-07,1.99278e-06,0.131605,-0.974274,-0.182952,0.0847968,-0.961945,-0.170096,0.213844,0.610884,-0.239462,0.147847,-0.959583,0.406724,0,0,0,1,0.021591,-0.0104009,-0.0462241,0.00153936,0.00234409,-0.00277806,8.45031e-07,-1.23136e-06,1.3545e-06
69849.6, -0.472657, -0.142221, 0.365807, 0.859928, 0.487028, -0.0773635, 0.131691, 0.0418858, 0.619771, 0.40567, 0.757873, -0.634999, -0.147807, 0.023637
# 69849.6,0.513637,0.817242,-0.261329,-0.472657,0.857994,-0.490923,0.151133,-0.142221,-0.00477957,-0.301846,-0.953345,0.365807,0,0,0,1,-0.0325195,0.000937723,-0.0463325,-0.000375167,-0.00272193,0.000344429,3.37117e-07,-5.27172e-07,2.05172e-06,0.149859,-0.969484,-0.194019,0.0418858,-0.955509,-0.192436,0.223543,0.619771,-0.254057,0.151887,-0.955189,0.40567,0,0,0,1,0.0185353,-0.00724282,-0.045861,0.00163878,0.0024665,-0.0026182,9.02581e-07,-1.29983e-06,1.38884e-06
71124.5, -0.471859, -0.154093, 0.359686, 0.860908, 0.480428, -0.100521, 0.13387, 0.0425287, 0.639078, 0.407822, 0.755534, -0.63543, -0.157622, 0.0235113
# 71124.5,0.518168,0.800296,-0.301708,-0.471859,0.854123,-0.502535,0.133913,-0.154093,-0.0444492,-0.327085,-0.943949,0.359686,0,0,0,1,-0.0319643,-0.000891139,-0.0439576,-0.00073592,-0.00213155,9.12483e-05,3.4444e-07,-5.54826e-07,2.10983e-06,0.142768,-0.96759,-0.208298,0.0425287,-0.952766,-0.191352,0.235843,0.639078,-0.268057,0.164788,-0.949205,0.407822,0,0,0,1,0.0173507,-0.00477784,-0.0439093,0.00182458,0.00259539,-0.00280736,9.45709e-07,-1.3325e-06,1.4282e-06
72485.7, -0.469088, -0.151854, 0.357003, 0.85968, 0.475196, -0.12549, 0.139255, 0.0453897, 0.646913, 0.409486, 0.757954, -0.630145, -0.166234, 0.0281031
# 72485.7,0.516883,0.782082,-0.348109,-0.469088,0.851982,-0.509594,0.120166,-0.151854,-0.0834146,-0.358695,-0.929721,0.357003,0,0,0,1,-0.0336056,-0.00109147,-0.0423312,-0.00117133,-0.00154138,-7.58523e-05,3.39746e-07,-5.73314e-07,2.17243e-06,0.150567,-0.964585,-0.216577,0.0453897,-0.945898,-0.204255,0.252105,0.646913,-0.287413,0.166901,-0.943153,0.409486,0,0,0,1,0.0166232,-0.00411496,-0.0421698,0.00190168,0.0028015,-0.00279253,9.78293e-07,-1.36461e-06,1.47209e-06
73752.7, -0.486994, -0.134822, 0.349412, 0.854516, 0.477753, -0.151886, 0.135958, 0.0633235, 0.644398, 0.394302, 0.759021, -0.626775, -0.173142, 0.0326085
# 73752.7,0.497365,0.775196,-0.389486,-0.486994,0.857796,-0.506535,0.0872282,-0.134822,-0.129669,-0.377484,-0.916893,0.349412,0,0,0,1,-0.0363461,-0.000232798,-0.0414304,-0.00137687,-0.000777504,-3.49368e-05,3.35358e-07,-5.67252e-07,2.20693e-06,0.154351,-0.962761,-0.221961,0.0633235,-0.940178,-0.212181,0.266544,0.644398,-0.303714,0.167541,-0.937917,0.394302,0,0,0,1,0.0197524,-0.0040657,-0.0445168,0.00194359,0.00297726,-0.00283436,9.85605e-07,-1.37535e-06,1.49759e-06
75120.1, -0.475201, -0.16181, 0.342021, 0.863138, 0.488588, -0.0563937, 0.114433, 0.0270408, 0.665005, 0.373249, 0.757229, -0.629267, -0.174667, 0.0108985
# 75120.1,0.516203,0.830531,-0.209172,-0.475201,0.856344,-0.496374,0.142437,-0.16181,0.0144702,-0.25265,-0.96745,0.342021,0,0,0,1,-0.0301409,-0.000707579,-0.0471255,0.000377218,-0.00260285,0.000179796,2.62349e-07,-6.47239e-07,2.23984e-06,0.147029,-0.956806,-0.25081,0.0270408,-0.949191,-0.207809,0.23633,0.665005,-0.278242,0.203319,-0.938746,0.373249,0,0,0,1,0.0163429,-0.00304259,-0.047908,0.00227842,0.00249391,-0.00307528,1.01136e-06,-1.41479e-06,1.49479e-06
76492.2, -0.489307, -0.144752, 0.328819, 0.857868, 0.494152, -0.0845532, 0.112813, 0.0473157, 0.66086, 0.353352, 0.758209, -0.625968, -0.182052, 0.0118437
# 76492.2,0.49733,0.828757,-0.256564,-0.489307,0.866912,-0.486175,0.109993,-0.144752,-0.0335775,-0.277121,-0.960248,0.328819,0,0,0,1,-0.0349258,-0.000323026,-0.0485066,0.000131183,-0.00179617,0.00025453,2.56678e-07,-6.41742e-07,2.28139e-06,0.150042,-0.953542,-0.261239,0.0473157,-0.944917,-0.216047,0.245877,0.66086,-0.290894,0.209957,-0.933434,0.353352,0,0,0,1,0.0173988,-0.00468746,-0.0486448,0.00237052,0.00259796,-0.00312981,1.01881e-06,-1.42635e-06,1.52621e-06
77744.7, -0.466521, -0.150988, 0.330877, 0.848601, 0.504732, -0.110773, 0.11336, 0.0322544, 0.665505, 0.363282, 0.75922, -0.622927, -0.18807, 0.0132987
# 77744.7,0.46595,0.831518,-0.302438,-0.466521,0.881747,-0.46479,0.0805738,-0.150988,-0.0735714,-0.304217,-0.949758,0.330877,0,0,0,1,-0.031609,-0.00190512,-0.0459387,-0.000184446,-0.00126116,1.19809e-05,2.4969e-07,-6.81151e-07,2.35665e-06,0.153184,-0.95088,-0.269004,0.0322544,-0.940875,-0.223571,0.254501,0.665505,-0.302141,0.214114,-0.928906,0.363282,0,0,0,1,0.0162623,-0.00284681,-0.0471374,0.00242604,0.00268974,-0.00317313,1.05865e-06,-1.47676e-06,1.57548e-06
79052.4, -0.476604, -0.134424, 0.323973, 0.850117, 0.495825, -0.136642, 0.113086, 0.0490166, 0.66068, 0.350379, 0.759782, -0.620097, -0.194891, 0.0150895
# 79052.4,0.470973,0.812113,-0.344465,-0.476604,0.873922,-0.482739,0.0567713,-0.134424,-0.120182,-0.327773,-0.937081,0.323973,0,0,0,1,-0.032777,-0.000991977,-0.044053,-0.000437374,-0.000522371,8.29947e-05,2.45239e-07,-6.75024e-07,2.398e-06,0.154994,-0.94816,-0.277435,0.0490166,-0.936396,-0.230503,0.264632,0.66068,-0.314863,0.218773,-0.92358,0.350379,0,0,0,1,0.0172065,-0.00440427,-0.0477396,0.00249318,0.00280054,-0.00323014,1.06623e-06,-1.4892e-06,1.60655e-06
80387.7, -0.460903, -0.149078, 0.337837, 0.848456, 0.489401, -0.159795, 0.122775, 0.045827, 0.668307, 0.373073, 0.759967, -0.619835, -0.194923, 0.0161111
# 80387.7,0.469904,0.791233,-0.391331,-0.460903,0.869709,-0.490825,0.0519314,-0.149078,-0.150985,-0.364747,-0.918784,0.337837,0,0,0,1,-0.031304,-0.00241727,-0.0404373,-0.000898976,-0.000118948,-5.60311e-05,2.49576e-07,-7.02407e-07,2.48487e-06,0.155619,-0.948389,-0.276298,0.045827,-0.935827,-0.231091,0.266128,0.668307,-0.316243,0.217153,-0.923491,0.373073,0,0,0,1,0.0157204,-0.00351838,-0.0428894,0.00242591,0.00278915,-0.00333386,1.10879e-06,-1.53149e-06,1.67472e-06
